0.246710526316
0.282369146006
0.505992010652
0.267541645634
0.298353909465
0.237472766885
0.288590604027
0.269461077844
0.573630136986
0.279111644658
0.244335850733
0.547792062605
0.505896958411
0.549389567148
0.278250993754
0.570395102949
0.291529152915
0.254175744372
0.544164037855
0.452248610409
0.552325581395
0.564692982456
0.283430232558
0.27397260274
0.597176981542
0.561056105611
0.276162790698
0.567796610169
0.57268722467
0.258764607679
0.288298473714
0.551203133744
0.233372228705
0.263800683928
0.577231427044
0.558073654391
0.595045772752
0.275445960126
0.566037735849
0.276208411802
[70.63000000000001, 0.2472468629337075, 0.29386870231726003] -> [0.6666666666666666, [0.57268722466960353, 0.55463576158940409, 0.5721258134490238, 0.58057514921323927, 0.583288117200217, 0.55249999999999999, 0.57288712422007948, 0.58278867102396514, 0.57135046473482787, 0.57135193133047213, 0.57885906040268453, 0.54640718562874258, 0.57300275482093677, 0.58071390516782095, 0.56830309498399145, 0.49825935596170579, 0.57279909706546273, 0.54076086956521741, 0.55882352941176472, 0.58028169014084507, 0.57629870129870131, 0.55643879173290944, 0.53870292887029292, 0.58463251670378602, 0.57963163596966405]]
{'cs': {7: [0.6666666666666666, [0.57268722466960353, 0.55463576158940409, 0.5721258134490238, 0.58057514921323927, 0.583288117200217, 0.55249999999999999, 0.57288712422007948, 0.58278867102396514, 0.57135046473482787, 0.57135193133047213, 0.57885906040268453, 0.54640718562874258, 0.57300275482093677, 0.58071390516782095, 0.56830309498399145, 0.49825935596170579, 0.57279909706546273, 0.54076086956521741, 0.55882352941176472, 0.58028169014084507, 0.57629870129870131, 0.55643879173290944, 0.53870292887029292, 0.58463251670378602, 0.57963163596966405]]}}
{'cs': {7: [[[56, 0.8626903632435095, 0.7873971570789526], 0.5555555555555556, [0.26315789473684209, 0.23778071334214004, 0.27359017308766054, 0.22736338252891902, 0.23352247926669575, 0.24395417904115402, 0.23218997361477572, 0.23283346487766376, 0.24671052631578949, 0.26049570055639859, 0.22937803264225848, 0.24066390041493771, 0.25673137132122731, 0.25520833333333331, 0.26884700665188471, 0.23761980830670926, 0.2376641014033499, 0.24897330595482542, 0.25376884422110552, 0.22095238095238098, 0.25357307514983868, 0.25000000000000006, 0.26207605344295992, 0.25254668930390495, 0.235910878112713]], [[63, 0.5458915783827468, 0.5045419583098644], 0.5555555555555556, [0.29020556227327687, 0.27746636771300448, 0.26827985270910049, 0.29351710056151098, 0.28236914600550961, 0.2883156297420334, 0.28243327126008694, 0.27192552670259673, 0.31344183242917417, 0.25983487129674598, 0.27341772151898736, 0.2669133192389006, 0.26497695852534564, 0.30256723716381423, 0.27351738241308787, 0.2875854214123007, 0.29850746268656714, 0.2972560975609756, 0.28154851684263449, 0.28830313014827014, 0.28431372549019601, 0.27896995708154509, 0.28008298755186722, 0.28938906752411575, 0.26623073330219527]], [[83, 0.8098510160219619, 0.1844736280968114], 0.4444444444444444, [0.49075844486934356, 0.52475247524752477, 0.49354838709677412, 0.50166112956810627, 0.52529182879377434, 0.48057932850559582, 0.55168040583386169, 0.49834983498349839, 0.47539893617021278, 0.55691554467564264, 0.49705689993459784, 0.54603174603174609, 0.50706033376123238, 0.4954663212435233, 0.5256327060350422, 0.53097345132743368, 0.4892037786774629, 0.49738219895287961, 0.50599201065246335, 0.47837483617300136, 0.52050473186119872, 0.4721467391304347, 0.54071246819338425, 0.50682261208577006, 0.51923076923076927]], [[51, 0.8521885935278827, 0.489490361114548], 0.5555555555555556, [0.28580208973570986, 0.26004728132387706, 0.25350593311758357, 0.25779758115849777, 0.26943005181347152, 0.28462441314553993, 0.28004667444574094, 0.25735294117647056, 0.24269557021677665, 0.27997565429093124, 0.28356481481481477, 0.26647564469914042, 0.25799793601651189, 0.29294653014789535, 0.26094781043791243, 0.27575442247658682, 0.28972520908004784, 0.26425178147268408, 0.2675416456335184, 0.26486486486486488, 0.28697571743929362, 0.28819250139899277, 0.26706231454005935, 0.22318079519879971, 0.27373527373527373]], [[88, 0.10189544801599963, 0.5008484746493213], 0.5555555555555556, [0.25118076427651354, 0.27696078431372545, 0.32565789473684209, 0.3019260801665799, 0.31047865459249679, 0.29078363725973388, 0.30981067125645434, 0.30769230769230771, 0.31954887218045119, 0.28046914839367665, 0.29494382022471916, 0.31809759110562075, 0.29039070749736012, 0.29835390946502061, 0.27737578388808487, 0.32140490390987408, 0.26709935097353971, 0.30050505050505055, 0.26550751879699247, 0.28282304099636746, 0.2744063324538259, 0.2480683204554697, 0.33121019108280247, 0.35483870967741937, 0.31834112149532712]], [[86, 0.3058859991434074, 0.95074362599853], 0.5555555555555556, [0.26429601153291682, 0.24435223605348086, 0.22527910685805422, 0.21781033153430993, 0.22309197651663404, 0.22085889570552147, 0.27378318584070799, 0.26767151767151764, 0.23368251410153107, 0.21975957926371151, 0.24326672458731535, 0.22385103011093502, 0.25726536445926634, 0.25171624713958807, 0.22079486150140504, 0.21338155515370702, 0.26923076923076916, 0.23372287145242071, 0.2428506581933727, 0.23115368596418159, 0.24975984630163306, 0.28279883381924198, 0.23747276688453162, 0.27941966684578184, 0.20530900041476569]], [[95, 0.1275309847301982, 0.12290127489411473], 0.5555555555555556, [0.28907242693773827, 0.27734976887519258, 0.29904306220095694, 0.29655172413793107, 0.28523489932885904, 0.3181272509003602, 0.30585106382978727, 0.28421633554083886, 0.30659025787965616, 0.28012048192771088, 0.293778801843318, 0.30375426621160412, 0.30005770340450089, 0.28118609406952966, 0.28068244358833239, 0.26412133891213385, 0.28859060402684561, 0.27446300715990452, 0.29653552554315915, 0.28023598820059004, 0.28275475923852184, 0.26838432635534087, 0.26432806324110675, 0.31030070377479207, 0.29076738609112712]], [[77, 0.9452342465006595, 0.4430838139193912], 0.4444444444444444, [0.26503164556962022, 0.26277724204435871, 0.27969830295411691, 0.28311965811965811, 0.2806909315237508, 0.2643312101910828, 0.28579846788450208, 0.23872180451127817, 0.22947925860547216, 0.28764805414551614, 0.26220614828209765, 0.27153044432254525, 0.28457772337821302, 0.25089605734767023, 0.27302631578947373, 0.26946107784431134, 0.28605482717520864, 0.25596072931276298, 0.29545454545454553, 0.26221995926680247, 0.23571428571428574, 0.26995979322228608, 0.29649595687331542, 0.24873330262551818, 0.23622047244094491]], [[61, 0.47990491802444557, 0.12613670881738115], 0.4444444444444444, [0.57437797776601374, 0.58402203856749313, 0.57363013698630139, 0.57734806629834257, 0.55014326647564471, 0.57363013698630128, 0.58726673984632283, 0.57317751808569828, 0.55191256830601099, 0.59660645867542406, 0.57119205298013243, 0.57794273594909862, 0.59002770083102485, 0.5542658154381892, 0.54867256637168149, 0.56614349775784745, 0.57323093801426217, 0.58172531214528944, 0.5558643690939411, 0.56948228882833796, 0.56962025316455689, 0.56424581005586594, 0.58087826570316847, 0.58060879368658402, 0.5758426966292135]], [[61, 0.4940988342855148, 0.5462310172436656], 0.5555555555555556, [0.29252437703141931, 0.27501309586170769, 0.27857829010566765, 0.28102392877017252, 0.26927138331573386, 0.27911164465786314, 0.2837624802942722, 0.26023244062657908, 0.30303030303030304, 0.25466120964074584, 0.23755656108597281, 0.27910685805422653, 0.28057173107464267, 0.29294653014789535, 0.28013582342954158, 0.28134556574923553, 0.26132404181184665, 0.25617977528089886, 0.28183716075156579, 0.2626211116777154, 0.26972804279982165, 0.2804746494066882, 0.28555431131019032, 0.26186213070725162, 0.28398791540785501]], [[56, 0.8626903632435095, 0.7873971570789526], 0.5555555555555556, [0.24236548715462922, 0.25452765540871269, 0.25225225225225228, 0.24396507447354904, 0.2260044642857143, 0.24433585073300754, 0.26581118240146656, 0.21931589537223339, 0.24933687002652519, 0.2562070787110407, 0.26937046004842613, 0.23677581863979846, 0.24987251402345745, 0.23145961265942369, 0.17778922958000518, 0.22799365582870737, 0.26488095238095238, 0.22430668841761825, 0.24653739612188366, 0.25714285714285717, 0.19728915662650601, 0.25641025641025644, 0.23633677991137372, 0.25037556334501759, 0.22400442477876104]], [[85.4, 0.46761022459642493, 0.39998316667750355], 0.6666666666666666, [0.54566341183228029, 0.53117782909930711, 0.54522924411400242, 0.56830907054871216, 0.55037856726849155, 0.52631578947368418, 0.5220277610138806, 0.54786620530565167, 0.56270996640537507, 0.56534090909090906, 0.55287009063444104, 0.56103575832305796, 0.54188635032220278, 0.54372842347525885, 0.54779206260480717, 0.54594272076372319, 0.55384615384615388, 0.55158020274299346, 0.54655870445344135, 0.56297156123041203, 0.54948216340621392, 0.53266627427898749, 0.57159353348729791, 0.5449672424061941, 0.53760282021151573]], [[68.6, 1, 0.4861844611612789], 0.5555555555555556, [0.53790412486064654, 0.5009276437847866, 0.50320512820512808, 0.50441361916771754, 0.4941321803582458, 0.48231511254019294, 0.49584133077415221, 0.50842358604091464, 0.51498127340823974, 0.51827441581785505, 0.52058111380145267, 0.51854179761156516, 0.52419354838709675, 0.47087980173482036, 0.49594510293200245, 0.5036188178528348, 0.50934297769740811, 0.51136363636363646, 0.51328502415458943, 0.49398353388220395, 0.50810473815461343, 0.54506699147381243, 0.50589695841092486, 0.49881936245572611, 0.481888745148771]], [[50, 0.7365024127131672, 0.42246752846206675], 0.6666666666666666, [0.55398530243075184, 0.55678670360110805, 0.54030874785591776, 0.55987558320373254, 0.53661263275572946, 0.55798687089715537, 0.56111696522655419, 0.51724137931034486, 0.55934873949579833, 0.51001821493624766, 0.5470459518599563, 0.54279749478079331, 0.57158712541620416, 0.49852507374631272, 0.56401579244218847, 0.54152637485970812, 0.54824561403508776, 0.55133079847908739, 0.54938956714761378, 0.5470038482682793, 0.56417112299465244, 0.55495978552278813, 0.53074245939675169, 0.55492957746478866, 0.54555680539932505]], [[55.2, 0.7574203321927944, 0.3084632310387422], 0.5555555555555556, [0.32137518684603883, 0.27449124467581631, 0.28492647058823534, 0.27156549520766771, 0.2914193200215866, 0.24509803921568629, 0.28440832910106656, 0.28530259365994232, 0.28852459016393445, 0.27973927213470939, 0.29139072847682124, 0.2673913043478261, 0.25616698292220114, 0.31519575315195753, 0.29245283018867924, 0.28675016479894527, 0.26315789473684215, 0.27576601671309192, 0.27068437180796734, 0.27825099375354911, 0.26724531749657376, 0.28285209192692989, 0.27370203160270878, 0.27777777777777779, 0.26556776556776557]], [[55.9, 0.6304294441253488, 0.2914917219761862], 0.6666666666666666, [0.58328811720021712, 0.57183908045977005, 0.55618615209988653, 0.53991958644457194, 0.57150179395181955, 0.53426248548199773, 0.57703081232492992, 0.56353591160220995, 0.57962858750703439, 0.59246954595791801, 0.54294975688816849, 0.58437856328392257, 0.58230683090705493, 0.56079955580233209, 0.57967032967032961, 0.58710033076074974, 0.56843891402714941, 0.57481224725592139, 0.57039510294936002, 0.52713987473903967, 0.58839779005524873, 0.56401579244218847, 0.55041152263374482, 0.56851311953352757, 0.55885529157667391]], [[95, 0.1275309847301982, 0.12290127489411473], 0.5555555555555556, [0.29411764705882348, 0.28099652375434531, 0.27033730158730152, 0.29152915291529158, 0.2983362019506598, 0.26751893939393939, 0.29182879377431908, 0.30531845042678923, 0.29014084507042254, 0.27811366384522368, 0.25954525954525953, 0.30500521376433787, 0.30737704918032793, 0.31468531468531469, 0.32055311125078567, 0.30319148936170215, 0.27630180658873538, 0.26126558005752643, 0.32051282051282054, 0.32217308907138353, 0.2669762042948346, 0.28412600370599139, 0.27544596012591815, 0.27481323372465316, 0.31137724550898205]], [[77, 0.9452342465006595, 0.4430838139193912], 0.4444444444444444, [0.23922413793103448, 0.23994354269583629, 0.25036284470246734, 0.25760397268777158, 0.19903326698891097, 0.25921658986175117, 0.30505952380952378, 0.24065864471184292, 0.2590799031476998, 0.27034407427635171, 0.24802458296751534, 0.24408284023668636, 0.25417574437182278, 0.25076452599388377, 0.23037542662116042, 0.25467440361057381, 0.25674960296453148, 0.28315946348733234, 0.21612349914236709, 0.25551102204408815, 0.2665995975855131, 0.24584717607973419, 0.25930851063829785, 0.28852056476365873, 0.23733546071001199]], [[50, 0.6674169871804322, 0.7135381922636851], 0.5555555555555556, [0.55496264674493057, 0.55051078320090796, 0.54992397364419665, 0.55585683297180033, 0.54416403785488954, 0.54133333333333333, 0.55294731351069371, 0.53561568194367759, 0.55374592833876213, 0.54858078602620086, 0.56284153005464477, 0.53884026258205686, 0.54040654437283087, 0.56550951847704367, 0.53728070175438603, 0.52618069815195068, 0.53628601921024555, 0.57087699944842807, 0.53962460896767461, 0.55187637969094927, 0.51665034280117528, 0.53854875283446713, 0.5295872700149179, 0.55346587855991403, 0.53384700055035772]], [[50, 1, 0.7476786977885703], 0.5555555555555556, [0.47972304648862513, 0.45708481462671408, 0.43720190779014312, 0.43058455114822553, 0.45224861040929754, 0.46831955922865015, 0.42359667359667358, 0.46296296296296297, 0.45454545454545464, 0.45047418335089567, 0.41911372130272284, 0.46912980068060284, 0.45934530095036946, 0.4580152671755725, 0.45310853530031608, 0.45191802417235938, 0.44337606837606836, 0.44367693942614239, 0.45985401459854025, 0.44450289321409781, 0.44138929088277856, 0.44940796555435952, 0.47202797202797203, 0.43936279547790336, 0.4660144181256437]], [[56, 0.8626903632435095, 0.7873971570789526], 0.5555555555555556, [0.57962858750703428, 0.54316752429959969, 0.55232558139534893, 0.53582001184132633, 0.56271981242672919, 0.55398530243075184, 0.56090651558073656, 0.55266203703703698, 0.55287009063444104, 0.5254140491147915, 0.54744525547445255, 0.5490311215502055, 0.56915196357427444, 0.52647783251231539, 0.56666666666666676, 0.55555555555555569, 0.5571108622620381, 0.52631578947368418, 0.55131964809384171, 0.55686505598114322, 0.53985302430751836, 0.54761904761904756, 0.54297328687572588, 0.58297180043383945, 0.54941860465116277]], [[63.580000000000005, 0.3713268136111998, 0.7579435072302], 0.5555555555555556, [0.56526488257782637, 0.56755260243632344, 0.56524035921817228, 0.56654195617316949, 0.54881412024269172, 0.56239957150508824, 0.55272108843537415, 0.55017103762827824, 0.5532994923857868, 0.57933194154488521, 0.55153203342618384, 0.56020942408376961, 0.5680539932508436, 0.57776560788608977, 0.56469298245614041, 0.53805774278215224, 0.58448753462603864, 0.58249868212967837, 0.55281882868089771, 0.56718061674008802, 0.56211354693648108, 0.57733050847457623, 0.54904051172707891, 0.54100227790432798, 0.57529162248144217]], [[68.6, 1, 0.4861844611612789], 0.4444444444444444, [0.28205128205128205, 0.26130653266331655, 0.25029797377830748, 0.29924242424242425, 0.26266416510318946, 0.27076761303890645, 0.24869109947643978, 0.28859060402684561, 0.33497884344146683, 0.28343023255813948, 0.28927813163481958, 0.29411764705882354, 0.26921066387872455, 0.28832630098452883, 0.23052097740894423, 0.29615795090715047, 0.31821045998739761, 0.28164116828929064, 0.30985915492957744, 0.25663716814159293, 0.25538201772899954, 0.29952348536419332, 0.29431216931216925, 0.24165953806672372, 0.29367469879518071]], [[83.72, 0.7071787785943008, 0.24912648967101905], 0.3333333333333333, [0.28620492272467091, 0.26011560693641617, 0.2658486707566462, 0.25629077353215285, 0.27959697732997474, 0.27828191167574107, 0.24787535410764872, 0.27605779153766774, 0.25952512424075092, 0.29561347743165922, 0.28942705256940343, 0.28342575477510779, 0.27397260273972601, 0.30605455755156358, 0.23280802292263608, 0.25832376578645233, 0.26923076923076922, 0.28402366863905326, 0.23876404494382025, 0.27836691410392367, 0.29593943565037856, 0.30478192327903314, 0.23340040241448692, 0.26474127557160054, 0.26176753121998075]], [[88, 0.10189544801599963, 0.5008484746493213], 0.4444444444444444, [0.61089708310401758, 0.5818965517241379, 0.55099948744233718, 0.59733333333333338, 0.61263736263736268, 0.56931997891407482, 0.5835881753312947, 0.60175054704595188, 0.55527888446215146, 0.60277777777777786, 0.57866666666666666, 0.5909586056644881, 0.59739524348810868, 0.61009428729894621, 0.60785368477676172, 0.59312638580931254, 0.52286102308736992, 0.62328390993959382, 0.57445621862799778, 0.59857221306974184, 0.60555555555555551, 0.59625668449197866, 0.59014618299945854, 0.59717698154180243, 0.61304836895388082]], [[55.9, 0.6304294441253488, 0.2914917219761862], 0.6666666666666666, [0.57066666666666666, 0.5601545253863135, 0.58806655192197355, 0.56113902847571184, 0.54472477064220171, 0.54223744292237441, 0.56572379367720471, 0.56105610561056096, 0.55742296918767498, 0.54683270167839748, 0.58080808080808088, 0.56958473625140293, 0.55911473500291209, 0.56256860592755209, 0.56022408963585446, 0.57239057239057245, 0.55775764439411102, 0.54192812321734163, 0.56614349775784756, 0.58025404157043881, 0.54198927933293628, 0.54709531866892269, 0.56142301278488049, 0.56841046277665985, 0.51369863013698625]], [[95, 0.1275309847301982, 0.12290127489411473], 0.5555555555555556, [0.29532967032967034, 0.30582166543846723, 0.2474448628294782, 0.29341317365269459, 0.29684601113172543, 0.25014052838673412, 0.25221540558963867, 0.2780806979280262, 0.32258064516129031, 0.25035765379113017, 0.30769230769230765, 0.27616279069767441, 0.25680534155110429, 0.27542372881355931, 0.29765484064942876, 0.28370786516853935, 0.3125, 0.26558891454965361, 0.26807228915662651, 0.26826775677056719, 0.29766123316796594, 0.30054644808743169, 0.25909592061742004, 0.25721153846153849, 0.2635740643120717]], [[55.88, 0.6290809597308938, 0.6833677391943638], 0.6666666666666666, [0.55924695459579188, 0.57206954570947843, 0.54185779816513768, 0.55224688684353007, 0.57986870897155363, 0.57862679955703211, 0.54978118161925604, 0.57805007991475754, 0.57359307359307365, 0.56036972848064692, 0.54360135900339757, 0.55843408175014397, 0.5727725511898174, 0.55138568129330257, 0.5715783953854221, 0.56779661016949146, 0.5416903006239363, 0.57150745444505791, 0.57620817843866179, 0.57237204182718759, 0.57671081677704183, 0.55291005291005291, 0.57894736842105265, 0.53209459459459452, 0.54530201342281881]], [[70.63000000000001, 0.2472468629337075, 0.29386870231726003], 0.6666666666666666, [0.57268722466960353, 0.55463576158940409, 0.5721258134490238, 0.58057514921323927, 0.583288117200217, 0.55249999999999999, 0.57288712422007948, 0.58278867102396514, 0.57135046473482787, 0.57135193133047213, 0.57885906040268453, 0.54640718562874258, 0.57300275482093677, 0.58071390516782095, 0.56830309498399145, 0.49825935596170579, 0.57279909706546273, 0.54076086956521741, 0.55882352941176472, 0.58028169014084507, 0.57629870129870131, 0.55643879173290944, 0.53870292887029292, 0.58463251670378602, 0.57963163596966405]], [[80.68, 0.4905647103165438, 0.1], 0.4444444444444444, [0.27297297297297296, 0.24890829694323149, 0.24876847290640397, 0.26964202696420275, 0.26948288419519301, 0.25362318840579712, 0.25826446280991738, 0.26382546930492135, 0.2587646076794658, 0.21827000808407435, 0.27119700748129677, 0.26536312849162008, 0.28770442156268927, 0.24793388429752064, 0.26246719160104987, 0.29073288915808604, 0.25301204819277107, 0.22265625, 0.23985239852398527, 0.26510832383124283, 0.26498422712933756, 0.27731558513588461, 0.25411061285500747, 0.24707412223667097, 0.23622047244094488]], [[56, 0.8626903632435095, 0.7873971570789526], 0.6666666666666666, [0.30779753761969908, 0.26044005388414909, 0.28598971722365041, 0.28169014084507038, 0.28230184581976114, 0.30652418447694035, 0.28829847371396272, 0.27197975964579379, 0.23604269293924462, 0.30605871330418483, 0.29040404040404044, 0.29644268774703558, 0.29799247176913424, 0.2805194805194805, 0.27630180658873538, 0.30213903743315507, 0.28937947494033411, 0.29891304347826086, 0.31105990783410142, 0.28009535160905841, 0.27001862197392928, 0.30274656679151057, 0.28541774779449924, 0.29821627647714605, 0.2856318522792845]], [[85.4, 0.46761022459642493, 0.39998316667750355], 0.5555555555555556, [0.52647412755716005, 0.56511761331038435, 0.54303870595031778, 0.56686046511627908, 0.57410661980082023, 0.54475853945818609, 0.55324211778703158, 0.54213317619328227, 0.55880631948507897, 0.55058692006707655, 0.54976851851851849, 0.55753262158956096, 0.56182947487295309, 0.53822629969418967, 0.55335968379446643, 0.54692169754931252, 0.56058890147225371, 0.53039332538736594, 0.56301050175029177, 0.54171494785631524, 0.53623188405797106, 0.55852644087938208, 0.54013277006638494, 0.55131964809384171, 0.55120313374370455]], [[68.6, 1, 0.4861844611612789], 0.4444444444444444, [0.23799837266069979, 0.29379760609358002, 0.1774364406779661, 0.26069127123608665, 0.24119241192411925, 0.25916870415647919, 0.21474358974358976, 0.23269931201942534, 0.1645940014630578, 0.25460717749757522, 0.19876819708846588, 0.25616698292220114, 0.24057217165149544, 0.26371870005327658, 0.20189274447949523, 0.18881522052464683, 0.21240728253540123, 0.23579435639737145, 0.22924901185770752, 0.28002699055330632, 0.20722135007849291, 0.22707423580786024, 0.25216138328530258, 0.19917379758040721, 0.23337222870478408]], [[50, 0.7365024127131672, 0.42246752846206675], 0.4444444444444444, [0.24516419253261362, 0.26380068392769901, 0.26041666666666669, 0.23911187019641333, 0.2782764811490126, 0.27085330776605948, 0.27439024390243899, 0.26717557251908397, 0.29553679131483718, 0.24788135593220337, 0.26852481305234532, 0.25518341307814996, 0.28202115158636898, 0.26041666666666663, 0.25946405784772442, 0.29496818970503186, 0.27689873417721517, 0.25544388609715241, 0.26008750607681091, 0.27251184834123227, 0.28891202498698593, 0.28620352250489245, 0.24886877828054296, 0.25108225108225107, 0.26221995926680247]], [[88, 0.10189544801599963, 0.5008484746493213], 0.4444444444444444, [0.56505961638154489, 0.57495969908651268, 0.57922077922077919, 0.57590233545647562, 0.58064516129032251, 0.5788675429726996, 0.57723142704436126, 0.56786703601108035, 0.53201733269138174, 0.57733619763694954, 0.59071729957805907, 0.58182784272051014, 0.59413580246913578, 0.56284153005464477, 0.5706806282722513, 0.58544303797468356, 0.57642149191444969, 0.59313215400624353, 0.5678884873515746, 0.58300943920044423, 0.59322033898305082, 0.56951871657754005, 0.583019881783987, 0.56272586473928765, 0.56988138215575046]], [[55.9, 0.6304294441253488, 0.2914917219761862], 0.5555555555555556, [0.52017501215362183, 0.55807365439093481, 0.55616740088105732, 0.55679910464465587, 0.53846153846153855, 0.55651672433679356, 0.55366269165247017, 0.56289488799540499, 0.54591265397536393, 0.56640625, 0.57758620689655171, 0.55312157721796285, 0.55926544240400666, 0.57190449750138816, 0.56338028169014087, 0.55649241146711637, 0.54304304304304307, 0.57681324957167324, 0.55492957746478866, 0.56285714285714283, 0.55620953502060033, 0.57549857549857542, 0.56214689265536733, 0.56571428571428573, 0.56036816459122907]], [[95, 0.1275309847301982, 0.12290127489411473], 0.5555555555555556, [0.61246612466124661, 0.60906515580736531, 0.55399325084364459, 0.58337635518843567, 0.59246954595791801, 0.59611344537815114, 0.59655937846836848, 0.58580858085808585, 0.6019791094007696, 0.57996485061511427, 0.58055555555555549, 0.57060518731988474, 0.54061323292092522, 0.60267857142857151, 0.61431623931623924, 0.59861036878674501, 0.59359469906129203, 0.59549945115257963, 0.55675094136632597, 0.57692307692307687, 0.59701492537313439, 0.59504577275175019, 0.59762033531638714, 0.57264957264957272, 0.60776589758019128]], [[55.88, 0.6290809597308938, 0.6833677391943638], 0.5555555555555556, [0.26415094339622647, 0.26830808080808077, 0.29468911917098439, 0.2780536246276068, 0.26061776061776065, 0.26199669056811914, 0.29137529137529139, 0.27353376047313949, 0.30774321641297148, 0.27867965367965364, 0.31229668184775539, 0.28434504792332271, 0.27408195848855776, 0.27544596012591815, 0.26279069767441859, 0.28241335044929394, 0.27290448343079921, 0.29359953024075158, 0.27969830295411691, 0.25412087912087916, 0.29929577464788737, 0.27986151182919788, 0.27013506753376687, 0.26750972762645914, 0.25543478260869562]], [[70.63000000000001, 0.2472468629337075, 0.29386870231726003], 0.5555555555555556, [0.57180156657963455, 0.56226001097092704, 0.58743909041689213, 0.56779661016949157, 0.56830601092896182, 0.55851063829787229, 0.5660377358490567, 0.5709624796084829, 0.53433144037170888, 0.55399325084364459, 0.57368134855899944, 0.55613850996852043, 0.57228915662650603, 0.5694050991501417, 0.56198347107438018, 0.57806591031874666, 0.58038147138964569, 0.56438791732909388, 0.56206712839637718, 0.57553956834532372, 0.56583818085668947, 0.55326662742789878, 0.5585248530197755, 0.57844690966719481, 0.53677932405566597]], [[50, 1, 0.6867685388620208], 0.4444444444444444, [0.28185554903112153, 0.29549444119368051, 0.25883524141363862, 0.26799387442572742, 0.28266331658291455, 0.26259378349410506, 0.24886877828054299, 0.27620841180163208, 0.30323450134770896, 0.282258064516129, 0.28121484814398195, 0.27422790202342923, 0.2497162315550511, 0.26723677177979688, 0.25100401606425704, 0.2837624802942722, 0.28671737858396723, 0.26860522424839822, 0.2598622417031935, 0.25778732545649841, 0.28225806451612906, 0.28364116094986808, 0.22692009309542277, 0.2856350526899612, 0.28111181301326593]]]}}
{'cs': {7: [[70.63000000000001, 0.2472468629337075, 0.29386870231726003], [0.6666666666666666, [0.57268722466960353, 0.55463576158940409, 0.5721258134490238, 0.58057514921323927, 0.583288117200217, 0.55249999999999999, 0.57288712422007948, 0.58278867102396514, 0.57135046473482787, 0.57135193133047213, 0.57885906040268453, 0.54640718562874258, 0.57300275482093677, 0.58071390516782095, 0.56830309498399145, 0.49825935596170579, 0.57279909706546273, 0.54076086956521741, 0.55882352941176472, 0.58028169014084507, 0.57629870129870131, 0.55643879173290944, 0.53870292887029292, 0.58463251670378602, 0.57963163596966405]]]}}

Total Runtime: --- 41237.601371 seconds ---


------------------------------------------------------------
Sender: LSF System <lsfadmin@n2f1-5>
Subject: Job 565025: </share2/aagrawa8/miniconda2/bin/python2.7 DE_topics.py _topics cs> Done

Job </share2/aagrawa8/miniconda2/bin/python2.7 DE_topics.py _topics cs> was submitted from host <login01.hpc.ncsu.edu> by user <aagrawa8> in cluster <henry2>.
Job was executed on host(s) <8*n2f1-5>, in queue <shared_memory>, as user <aagrawa8> in cluster <henry2>.
</home/aagrawa8> was used as the home directory.
</home/aagrawa8/topics_de> was used as the working directory.
Started at Thu Oct 20 14:25:14 2016
Results reported at Fri Oct 21 01:52:33 2016

Your job looked like:

------------------------------------------------------------
# LSBATCH: User input
/share2/aagrawa8/miniconda2/bin/python2.7 DE_topics.py _topics cs
------------------------------------------------------------

Successfully completed.

Resource usage summary:

    CPU time   :  41237.93 sec.
    Max Memory :       175 MB
    Max Swap   :       725 MB

    Max Processes  :         3
    Max Threads    :         4

The output (if any) is above this job summary.



PS:

Read file <./err/cs.err.565025> for stderr output of this job.

