0.566037735849
0.57492931197
0.625338386573
0.555816135084
0.573028866868
0.469931580843
0.627024525683
0.596461187215
0.593301435407
0.569705093834
0.543806646526
0.636597938144
0.627802690583
0.396646243147
0.581768208887
0.409402241594
0.550552599263
0.601230425056
0.624385447394
0.52827707146
0.548812664908
0.583333333333
0.613079019074
0.562990309183
0.632470119522
0.429880197322
0.60157790927
0.601952277657
0.346666666667
0.563811188811
0.504050405041
0.581609195402
0.616022099448
0.597222222222
0.56552962298
0.440422805894
0.648195221149
0.59097254537
0.603832442068
0.590379008746
[100, 0.5628224304315268, 0.7659610993381786] -> [0.7777777777777778, [0.52874067573497152, 0.53306342780026994, 0.52827707145988601, 0.52053486150907347, 0.52231937413713758, 0.51532033426183854, 0.52914798206278024, 0.54484304932735428, 0.51806704397039616, 0.51546391752577314, 0.52485004284490155, 0.53521126760563376, 0.53176470588235303, 0.51996489688459846, 0.52843708016121815, 0.50398992020159594, 0.53671003717472121, 0.52078774617067836, 0.55000000000000004, 0.53755868544600938, 0.52873563218390807, 0.5239520958083832, 0.53462081959491292, 0.50994498518831988, 0.52346570397111924]]
{'diy': {7: [0.7777777777777778, [0.52874067573497152, 0.53306342780026994, 0.52827707145988601, 0.52053486150907347, 0.52231937413713758, 0.51532033426183854, 0.52914798206278024, 0.54484304932735428, 0.51806704397039616, 0.51546391752577314, 0.52485004284490155, 0.53521126760563376, 0.53176470588235303, 0.51996489688459846, 0.52843708016121815, 0.50398992020159594, 0.53671003717472121, 0.52078774617067836, 0.55000000000000004, 0.53755868544600938, 0.52873563218390807, 0.5239520958083832, 0.53462081959491292, 0.50994498518831988, 0.52346570397111924]]}}
{'diy': {7: [[[56, 0.8626903632435095, 0.7873971570789526], 0.4444444444444444, [0.56177156177156173, 0.57897286821705429, 0.57623318385650213, 0.55854973052425283, 0.55929919137466311, 0.54521852012115968, 0.59960356788899893, 0.59131736526946099, 0.56019332161687163, 0.52144469525959369, 0.5660377358490567, 0.56373676944316609, 0.53720827829150153, 0.55848724714160058, 0.57360406091370553, 0.5488351254480287, 0.53004291845493567, 0.58166589111214517, 0.56801195814648731, 0.57738380450407278, 0.57340473003123604, 0.57353641123274635, 0.56732223903177004, 0.53555750658472345, 0.58711217183770881]], [[63, 0.5458915783827468, 0.5045419583098644], 0.5555555555555556, [0.58033682294037325, 0.5710306406685236, 0.57492931196983976, 0.57858769931662868, 0.55349794238683125, 0.59980089596814345, 0.57904411764705888, 0.55093555093555091, 0.57870370370370372, 0.56582506762849416, 0.57011494252873562, 0.58931018730013707, 0.5917753259779337, 0.5471865307930881, 0.53787268331990334, 0.58156028368794332, 0.56701030927835061, 0.58333333333333326, 0.5748792270531401, 0.55273189326556549, 0.57931377424167074, 0.57683325548808972, 0.58851004203643176, 0.54658385093167705, 0.56828597616865262]], [[83, 0.8098510160219619, 0.1844736280968114], 0.4444444444444444, [0.62173458725182862, 0.62846068660022159, 0.60514786418400868, 0.62433011789924975, 0.63626433642818137, 0.63806380638063809, 0.62329885683179087, 0.63574778530484632, 0.63631376851343946, 0.64712389380530977, 0.63937934724451573, 0.61910049972237657, 0.62143966856551003, 0.63067878140032063, 0.59403153153153143, 0.60791968767428883, 0.62433011789924975, 0.61827956989247312, 0.60169491525423735, 0.63112078346028289, 0.62566844919786091, 0.61449579831932766, 0.63585434173669464, 0.63533057851239672, 0.62533838657282081]], [[51, 0.8521885935278827, 0.489490361114548], 0.5555555555555556, [0.57169634489222121, 0.55162659123055169, 0.54638715432649432, 0.55418109846610597, 0.56097560975609762, 0.54642381163927145, 0.54433713784021065, 0.55864626796476591, 0.55147058823529416, 0.56081400851869379, 0.55147058823529416, 0.55581613508442773, 0.55603634790134149, 0.53418803418803418, 0.56032427277062469, 0.53075396825396826, 0.56292906178489699, 0.54019014693171996, 0.57545902373488578, 0.56392694063926951, 0.56696220251983187, 0.56040756914119361, 0.55397727272727271, 0.5632458233890214, 0.55506413091552409]], [[88, 0.10189544801599963, 0.5008484746493213], 0.5555555555555556, [0.53671189146049481, 0.57890031291908806, 0.5453405766819891, 0.52146084337349397, 0.64833501513622604, 0.52963671128107082, 0.59956709956709953, 0.6319234642497481, 0.57309688581314877, 0.58049886621315183, 0.53534086156419902, 0.58134757600657361, 0.54378248700519793, 0.5798736462093862, 0.63121272365805159, 0.59724689165186495, 0.53585657370517925, 0.56078591895210816, 0.55057096247960835, 0.60975609756097549, 0.57302886686772947, 0.55239642567018699, 0.55090071219103487, 0.65401897154268596, 0.5645504899872178]], [[86, 0.3058859991434074, 0.95074362599853], 0.6666666666666666, [0.45937607130613645, 0.48102721349175925, 0.46414963630065809, 0.4585229261463073, 0.48062310030395133, 0.46993158084263592, 0.46728971962616822, 0.46930134086097391, 0.48550997365449755, 0.47575312270389419, 0.4726815240833932, 0.47731755424063116, 0.46450939457202495, 0.46610169491525433, 0.46978693677960182, 0.48748599178184537, 0.47557364914877859, 0.47068965517241379, 0.46087888531618432, 0.47242647058823528, 0.46852646638054363, 0.48904833836857997, 0.4660263251511918, 0.48265460030165908, 0.46982291290205996]], [[95, 0.1275309847301982, 0.12290127489411473], 0.5555555555555556, [0.64437984496124023, 0.63593380614657213, 0.62076749435665912, 0.6270245256825544, 0.62470308788598572, 0.59812686249467861, 0.64948453608247425, 0.6479690522243714, 0.62439961575408265, 0.59945504087193457, 0.62775870524767041, 0.625, 0.59355692850838482, 0.63168619460010178, 0.61215566243987751, 0.61582188536238758, 0.63819577735124766, 0.65601145038167941, 0.59010440308669987, 0.63147973609802088, 0.61860465116279062, 0.64353946706887877, 0.62822315986872956, 0.62557286892758945, 0.6338742393509128]], [[77, 0.9452342465006595, 0.4430838139193912], 0.4444444444444444, [0.6138392857142857, 0.60712200817279627, 0.56508577194752785, 0.58991981672394034, 0.61081081081081079, 0.58988764044943831, 0.59069524307370624, 0.61200923787528871, 0.56043956043956034, 0.60807075732448879, 0.59434506635891526, 0.58673469387755095, 0.63665423548215239, 0.59523809523809512, 0.59646118721461183, 0.58696822832525586, 0.61677631578947378, 0.5851680185399768, 0.6095505617977528, 0.57120085015940492, 0.60911016949152552, 0.60728744939271262, 0.60502283105022836, 0.58319513543394141, 0.60068649885583525]], [[61, 0.47990491802444557, 0.12613670881738115], 0.5555555555555556, [0.60549604098742427, 0.59245102723363596, 0.59762773722627738, 0.59139784946236551, 0.60494958753437211, 0.58406341259908223, 0.56759098786828421, 0.60306475531389014, 0.61147458480120787, 0.60633080695497099, 0.60576453346360526, 0.57373472949389182, 0.59565002471576878, 0.57314897413024091, 0.58987558987558986, 0.60087719298245612, 0.56395586432366163, 0.59358544758257525, 0.59330143540669855, 0.60396039603960405, 0.58602906704172519, 0.56507547939616487, 0.6130268199233716, 0.59099901088031648, 0.59306974677920932]], [[61, 0.4940988342855148, 0.5462310172436656], 0.4444444444444444, [0.58794466403162049, 0.54189245518966234, 0.56734517106972704, 0.56513409961685823, 0.54574275362318836, 0.55509527754763877, 0.54930211616389013, 0.57532347504621073, 0.58523555123846516, 0.56843513152028535, 0.57977958792525164, 0.57841239109390119, 0.5724838411819021, 0.52405162299569819, 0.58745583038869265, 0.58293838862559244, 0.56771545827633374, 0.518354175070593, 0.54925102133454384, 0.57802197802197797, 0.5697050938337801, 0.59073724007561423, 0.57799442896935926, 0.58683206106870234, 0.55772569444444442]], [[56, 0.8626903632435095, 0.7873971570789526], 0.5555555555555556, [0.50288540807914262, 0.54788418708240538, 0.53722902921771909, 0.55530474040632061, 0.5383211678832116, 0.54764984907287617, 0.54380664652567978, 0.53963705826170016, 0.51148677936714348, 0.5490284681427926, 0.52687713310580209, 0.52675937631689851, 0.53875236294896034, 0.55367504835589931, 0.53688141923436039, 0.5533498759305211, 0.51048674317372378, 0.54385964912280693, 0.54967801287948481, 0.55785123966942152, 0.54385210662080818, 0.54545454545454541, 0.55703506435863293, 0.54028436018957349, 0.53099263112267014]], [[63, 0.5458915783827468, 0.5045419583098644], 0.5555555555555556, [0.63099808061420337, 0.64475025484199799, 0.64612868047982552, 0.60656517602283533, 0.60652173913043483, 0.61200923787528871, 0.64609704641350207, 0.6422478675363773, 0.64523809523809517, 0.65172591447707373, 0.58329444703686417, 0.64540431943746857, 0.58797327394209353, 0.63659793814432986, 0.64609704641350207, 0.61420818944252586, 0.65296566077003126, 0.63503649635036497, 0.61116458132820006, 0.64053537284894835, 0.64705882352941191, 0.62922516900676029, 0.6247129076711071, 0.64741035856573703, 0.62318840579710144]], [[83, 0.8098510160219619, 0.1844736280968114], 0.3333333333333333, [0.62294182217343574, 0.61592253899946214, 0.65530101225359616, 0.62761506276150625, 0.65066666666666684, 0.64029151483602287, 0.63186813186813195, 0.61603823685608083, 0.61891117478510027, 0.64217758985200846, 0.6181533646322378, 0.6322473771397018, 0.62054933875890128, 0.60632183908045967, 0.65689467969598259, 0.64992232004142925, 0.60845070422535197, 0.61872909698996648, 0.62944162436548212, 0.62780269058295968, 0.62996594778660608, 0.63797468354430376, 0.62466631073144696, 0.625, 0.62837108953613818]], [[80.5, 0.4240783351660201, 1], 0.6666666666666666, [0.40172855313700384, 0.3901581722319859, 0.39784946236559138, 0.39664624314737179, 0.40413837698027799, 0.40296052631578949, 0.40081735303363725, 0.39532485390168443, 0.38776704711735438, 0.390625, 0.41223404255319152, 0.38351368555060467, 0.39340101522842635, 0.38617886178861793, 0.40335592126492414, 0.40095846645367411, 0.4092409240924092, 0.40063593004769471, 0.40335857754362864, 0.38001196888090966, 0.40642412323828248, 0.39003759398496241, 0.39012738853503182, 0.38196524865188736, 0.39659128154703371]], [[64.1, 1, 0.1], 0.3333333333333333, [0.5768332554880895, 0.57709854014598538, 0.6132075471698113, 0.56893295561850787, 0.57072515666965085, 0.58353510895883776, 0.58425881216803466, 0.59163059163059162, 0.59310344827586203, 0.5743879472693032, 0.58012363290537328, 0.59763895720609939, 0.57709854014598538, 0.55790363482671168, 0.5582524271844661, 0.59171597633136086, 0.53932101418134937, 0.59619238476953906, 0.59546769527483123, 0.58176820888685299, 0.57765151515151514, 0.58341143392689776, 0.58698727015558694, 0.5706396686608376, 0.58672276764843379]], [[86, 0.3058859991434074, 0.95074362599853], 0.7777777777777778, [0.40475473969304843, 0.41359410067329266, 0.407140620106483, 0.40718760303330037, 0.40854224698235836, 0.41708882134414049, 0.40712074303405577, 0.41279840848806371, 0.39927404718693288, 0.39314516129032262, 0.4190938511326861, 0.41149575440888297, 0.3811533052039382, 0.40896270761516768, 0.4126615843553198, 0.41076030927835055, 0.41460191608853647, 0.40166204986149584, 0.41538933169834452, 0.41399229781771502, 0.41212315586914683, 0.40784557907845576, 0.41282894736842107, 0.39292141571685657, 0.40940224159402239]], [[95.0, 0.1, 0.5405669339397036], 0.5555555555555556, [0.53507728894173601, 0.55251141552511418, 0.58727187646233037, 0.55486024196912809, 0.54321966693100721, 0.553585500394011, 0.55034651447207494, 0.53162055335968383, 0.58352941176470585, 0.52466718872357088, 0.57675044883303417, 0.56732891832229571, 0.5245009074410163, 0.56694286960314, 0.52267486548808606, 0.58810068649885583, 0.55601148953631507, 0.52713178294573637, 0.54455445544554448, 0.55055259926320099, 0.53382870551427453, 0.54457442517144006, 0.57246998284734141, 0.54461414790996787, 0.57767200346170489]], [[77, 0.9452342465006595, 0.4430838139193912], 0.4444444444444444, [0.60022333891680613, 0.58712121212121215, 0.6183083511777302, 0.6132075471698113, 0.58611111111111125, 0.60109289617486339, 0.60494476591267765, 0.60734463276836159, 0.59575625680087052, 0.61529614721104076, 0.60123042505592839, 0.60179977502812143, 0.62193126022913259, 0.57120901639344257, 0.6157775255391601, 0.61285097192224625, 0.60285714285714287, 0.62362637362637363, 0.59564719358533791, 0.58807288790723378, 0.58076715289032954, 0.59139784946236551, 0.61957151129125643, 0.60090702947845809, 0.59542796384901653]], [[61, 0.47990491802444557, 0.12613670881738115], 0.4444444444444444, [0.63369781312127249, 0.58976582827406776, 0.63, 0.63411078717201164, 0.58204467353951894, 0.63525550867323011, 0.62438544739429691, 0.61121323529411764, 0.61182401466544467, 0.62732342007434949, 0.62589928057553956, 0.61009817671809263, 0.60447080291970789, 0.63383600377002824, 0.63360227812055059, 0.60197086546700951, 0.63450570342205326, 0.6159420289855071, 0.60310421286031046, 0.63947633434038265, 0.62347188264058684, 0.62198649951783991, 0.61399548532731374, 0.64801530368244864, 0.625]], [[100, 0.5628224304315268, 0.7659610993381786], 0.7777777777777778, [0.52874067573497152, 0.53306342780026994, 0.52827707145988601, 0.52053486150907347, 0.52231937413713758, 0.51532033426183854, 0.52914798206278024, 0.54484304932735428, 0.51806704397039616, 0.51546391752577314, 0.52485004284490155, 0.53521126760563376, 0.53176470588235303, 0.51996489688459846, 0.52843708016121815, 0.50398992020159594, 0.53671003717472121, 0.52078774617067836, 0.55000000000000004, 0.53755868544600938, 0.52873563218390807, 0.5239520958083832, 0.53462081959491292, 0.50994498518831988, 0.52346570397111924]], [[90.3, 0.6601340490760603, 0.980926673835494], 0.5555555555555556, [0.54757185332011882, 0.55989583333333337, 0.50588748364587866, 0.54594861660079053, 0.58483935742971882, 0.55335968379446643, 0.55394291243347837, 0.53156917363045486, 0.54881266490765168, 0.5426186291739894, 0.56213017751479288, 0.54586241276171488, 0.55286129970902032, 0.5532994923857868, 0.51891143911439119, 0.54967801287948481, 0.56946489936180655, 0.53272038939967559, 0.48162475822050282, 0.53821062441752099, 0.51970550021654394, 0.55110220440881774, 0.55331991951710258, 0.55132113821138218, 0.53849577214063193]], [[63, 0.5458915783827468, 0.5045419583098644], 0.5555555555555556, [0.56756756756756754, 0.59293320425943852, 0.57435440783615321, 0.58732952045754516, 0.58614564831261107, 0.59310653536257829, 0.58823529411764708, 0.57799442896935926, 0.5995423340961098, 0.58878504672897203, 0.58900523560209428, 0.57286892758936747, 0.57811120917917036, 0.57665260196905777, 0.59743954480796591, 0.59368737474949906, 0.56217246307765589, 0.58878944889307583, 0.571963394342762, 0.59135039717563986, 0.57847533632287007, 0.55909090909090908, 0.58333333333333337, 0.58239277652370214, 0.57880676758682104]], [[83, 0.8098510160219619, 0.1844736280968114], 0.4444444444444444, [0.64399793920659465, 0.5957446808510638, 0.59709821428571419, 0.60502283105022836, 0.62116564417177911, 0.5966850828729281, 0.60447761194029848, 0.59620596205962051, 0.64524694636218805, 0.62533548040794418, 0.60735215769845496, 0.63065460351250668, 0.59373420919656383, 0.58704453441295545, 0.625, 0.62668827660723936, 0.64755838641188956, 0.60526315789473684, 0.60948081264108345, 0.60737527114967471, 0.63402889245585881, 0.625, 0.61307901907356943, 0.61770943796394484, 0.62568605927552134]], [[51, 0.8521885935278827, 0.489490361114548], 0.4444444444444444, [0.59317844784972806, 0.57400379506641375, 0.58341143392689776, 0.57873820168902146, 0.53917438921651217, 0.53671003717472121, 0.55607043558850788, 0.5503978779840849, 0.58997050147492636, 0.55454130534002744, 0.52687713310580209, 0.58490566037735847, 0.5775991963837267, 0.55953446732318712, 0.57205452775073018, 0.57320441988950266, 0.56076759061833681, 0.56299030918320259, 0.59131736526946099, 0.55392156862745101, 0.57121288374433821, 0.57155921353452221, 0.55174234424498403, 0.55221314997851312, 0.55340223944875111]], [[79.5, 0.5051470040310319, 0.1], 0.4444444444444444, [0.6536819637139808, 0.61372745490981973, 0.65503287809812849, 0.62964799206742683, 0.64109035840484596, 0.59999999999999987, 0.66268191268191268, 0.66165023352361185, 0.62801932367149749, 0.60102301790281321, 0.62929666842940246, 0.64859117490696427, 0.65709969788519651, 0.61667488899851997, 0.63097033685268988, 0.64134808853118719, 0.6475531389026199, 0.63790365272631011, 0.63247011952191234, 0.62801932367149749, 0.63869588455371451, 0.62962962962962954, 0.61194754735308399, 0.6409588327253779, 0.63029162746942624]], [[86, 0.3058859991434074, 0.95074362599853], 0.7777777777777778, [0.43561931420573818, 0.42412193505632872, 0.42899900232790161, 0.40544871794871795, 0.45669577874818046, 0.42211055276381909, 0.44209431345353678, 0.41536539662710809, 0.44145155256266361, 0.42988019732205773, 0.41666666666666674, 0.42852185981956986, 0.42036124794745483, 0.44608959757023531, 0.42787682333873589, 0.42694805194805191, 0.46094039244724178, 0.44231478068558788, 0.41819393535488164, 0.43826086956521737, 0.43933054393305443, 0.43172690763052213, 0.41829427083333331, 0.43906810035842286, 0.43478260869565216]], [[100, 0.42002904464234136, 0.45103449339373247], 0.5555555555555556, [0.60157790927021693, 0.60206718346253241, 0.59155621011291115, 0.61806656101426305, 0.56573522675217602, 0.61961206896551724, 0.58926780341023077, 0.54432989690721645, 0.59871350816427515, 0.59410646387832711, 0.61403508771929827, 0.56834194457491782, 0.60250000000000004, 0.59785261102977072, 0.57427622211675367, 0.61650729743331645, 0.63319878910191718, 0.59536082474226804, 0.5985401459854014, 0.62070787110406755, 0.61154598825831707, 0.6169334021683015, 0.62309257375381488, 0.61151079136690645, 0.572072072072072]], [[77, 0.9452342465006595, 0.4430838139193912], 0.4444444444444444, [0.60422163588390509, 0.60116525423728817, 0.60195227765726678, 0.61777076761303884, 0.61168760240305842, 0.62468513853904284, 0.58302967204580936, 0.60982339955849885, 0.58026030368763548, 0.5901287553648068, 0.62053115423901939, 0.60344827586206895, 0.58346839546191254, 0.55971896955503508, 0.58060879368658391, 0.603917301414581, 0.60202450719232825, 0.60745140388768892, 0.60777957860615894, 0.60087003806416528, 0.5838580423583285, 0.57844243792325067, 0.54137323943661964, 0.63436830835117763, 0.59904153354632572]], [[94.4, 0.1, 0.9612797440352514], 0.5555555555555556, [0.34457297563376815, 0.32396918894426829, 0.37677923527770019, 0.36239933351846709, 0.34322137778867373, 0.35458364220410177, 0.38571838256380853, 0.34225814599646376, 0.33746898263027292, 0.37561398439757299, 0.3942100400369572, 0.33821060206284476, 0.34666666666666657, 0.37766830870279144, 0.34029389017788086, 0.3622998162247309, 0.35759735301603468, 0.34335839598997492, 0.3445316331535066, 0.3580937167199148, 0.34146942800788954, 0.33380681818181818, 0.33407025300908866, 0.38070328392909036, 0.36243822075782534]], [[100, 0.5628224304315268, 0.7659610993381786], 0.5555555555555556, [0.55744062045564713, 0.53616484440706469, 0.61351217088922005, 0.58718861209964412, 0.52155172413793105, 0.55181695827725441, 0.57173107464266815, 0.55275325767129047, 0.53278688524590168, 0.58072289156626522, 0.58354755784061696, 0.5393013100436681, 0.57435897435897443, 0.55217391304347829, 0.57282003710575147, 0.54054054054054057, 0.56371387967787767, 0.59041501976284594, 0.56693306693306689, 0.56509945750452084, 0.56360344047080124, 0.58329444703686417, 0.56381118881118875, 0.56603773584905659, 0.54643527204502818]], [[90.3, 0.6601340490760603, 0.980926673835494], 0.4444444444444444, [0.50291872474180499, 0.50045289855072461, 0.50317316409791479, 0.50862068965517238, 0.51122790253225037, 0.51770506499327651, 0.4819552306989493, 0.49860205032618821, 0.47305635540929658, 0.51094890510948909, 0.51020408163265318, 0.51101734646038444, 0.48579285059578375, 0.49866429207479968, 0.51738943752683553, 0.50405040504050402, 0.47526881720430114, 0.51282051282051277, 0.51747930082796689, 0.48148148148148151, 0.49431321084864394, 0.51393728222996515, 0.50452165635411705, 0.49028077753779697, 0.51431344007763224]], [[63, 0.5458915783827468, 0.5045419583098644], 0.5555555555555556, [0.58435438265786999, 0.59673659673659674, 0.57796917497733458, 0.56252704456945046, 0.56023029229406551, 0.58263695450324982, 0.62439961575408265, 0.55603822762814936, 0.59153493115757272, 0.5758426966292135, 0.58160919540229883, 0.59060721062618593, 0.57834101382488479, 0.57998129092609907, 0.54757998359310911, 0.59113300492610832, 0.52600931677018625, 0.59659090909090906, 0.54407423028258117, 0.59064609450337513, 0.60280373831775702, 0.5738063950941743, 0.58243306716768439, 0.58365758754863817, 0.5760773966578715]], [[83, 0.8098510160219619, 0.1844736280968114], 0.4444444444444444, [0.61381074168797944, 0.60409924487594391, 0.58071390516782084, 0.60899260102447361, 0.64516129032258074, 0.59241706161137453, 0.62633832976445403, 0.61078794288736116, 0.60532030401737247, 0.61602209944751374, 0.62665256478053932, 0.62368421052631573, 0.59389140271493213, 0.58838512480896588, 0.62710911136107994, 0.61618798955613585, 0.62023939064200229, 0.61874670879410232, 0.62534741523068382, 0.5747436589314624, 0.60864922584089698, 0.62397820163487738, 0.63391442155309041, 0.58287292817679548, 0.62867843766720166]], [[83.8, 0.1, 0.1], 0.5555555555555556, [0.6024899955535794, 0.57585568917668817, 0.61442564559216384, 0.60110450297366191, 0.59749884205650772, 0.60829493087557607, 0.58454106280193241, 0.58060399829859632, 0.58471454880294649, 0.58344058344058347, 0.61373599610326346, 0.6078147612156295, 0.58670143415906129, 0.57512733446519526, 0.57427937915742788, 0.60328638497652587, 0.57015684612123774, 0.60669456066945604, 0.60562015503875977, 0.55489260143198094, 0.59722222222222221, 0.59236507240017555, 0.61323032351521001, 0.6344928956393926, 0.56255247691015953]], [[67.1, 0.5845003222794898, 0.7155044609076991], 0.5555555555555556, [0.57553956834532383, 0.58206106870229013, 0.58116723884256993, 0.49161585365853661, 0.53682896379525591, 0.55679785330948117, 0.55288461538461542, 0.58139534883720934, 0.54511278195488722, 0.56781609195402305, 0.5611031859248693, 0.52380952380952372, 0.57457786116322696, 0.57674418604651156, 0.57536101083032487, 0.56432329029172656, 0.57072515666965085, 0.56552962298025133, 0.57837582625118045, 0.5376344086021505, 0.56544968833481746, 0.5688202247191011, 0.5633187772925764, 0.57619943555973663, 0.55530371713508619]], [[86, 0.3058859991434074, 0.95074362599853], 0.7777777777777778, [0.42823290453622215, 0.44773578481443654, 0.42605288932419189, 0.44244604316546765, 0.44122383252818037, 0.4404228058936579, 0.44178794178794178, 0.43541364296081275, 0.44257498171177756, 0.44642857142857151, 0.44050544050544055, 0.44507241257506186, 0.43571901921802525, 0.43218085106382981, 0.42486876640419952, 0.44576271186440675, 0.43088590141330574, 0.45576858392196434, 0.43871866295264633, 0.43236877523553169, 0.43051598607154157, 0.4292142609899619, 0.43149764942914709, 0.45009074410163336, 0.44101828612405886]], [[95, 0.1275309847301982, 0.12290127489411473], 0.5555555555555556, [0.65071770334928214, 0.63285024154589364, 0.64532019704433496, 0.6583455702398433, 0.63157894736842102, 0.64231136580706782, 0.64139941690962099, 0.65815324165029476, 0.62707051585423557, 0.66481294236602628, 0.65392354124748486, 0.68113017154389499, 0.65518890483022474, 0.67770305225038796, 0.63769485120453484, 0.66599899849774657, 0.64819522114895778, 0.65610859728506787, 0.62555066079295141, 0.64406779661016955, 0.66313666162380225, 0.61338289962825288, 0.63773035887487872, 0.60910307898259697, 0.65616797900262458]], [[91.8, 0.1, 0.1], 0.5555555555555556, [0.57162534435261714, 0.59127697841726612, 0.58745583038869265, 0.58690744920993232, 0.58302238805970141, 0.61061531235321764, 0.60257589696412139, 0.6095143706640237, 0.56047197640117996, 0.58783477076713564, 0.61257512713823403, 0.60562708631378148, 0.58085106382978724, 0.60642961519727223, 0.57724601175482793, 0.55979133226324229, 0.59830960854092519, 0.61517113783533772, 0.571628558096127, 0.6121472979435677, 0.59097254536993948, 0.58674643350207079, 0.59913793103448287, 0.60553633217993086, 0.56724422442244216]], [[61, 0.47990491802444557, 0.12613670881738115], 0.4444444444444444, [0.62851782363977482, 0.56983718937446448, 0.57751427316644699, 0.59639727361246342, 0.6256517205422315, 0.58046940486169318, 0.60383244206773612, 0.6204021579205492, 0.60431985294117652, 0.61422413793103448, 0.61509785647716675, 0.60679611650485443, 0.63006072874493912, 0.59302851969216841, 0.57583659278574528, 0.60894386298763081, 0.64122533748701971, 0.57487250811312007, 0.59396751740139209, 0.60203629924745461, 0.59460760712566196, 0.61704211557296762, 0.59166293142088744, 0.59142212189616239, 0.60606060606060608]], [[100, 0.5628224304315268, 0.7659610993381786], 0.6666666666666666, [0.59535822401614535, 0.59979046621267684, 0.59472551130247575, 0.56959118052365643, 0.59088632949424136, 0.59037900874635563, 0.56585365853658531, 0.59891598915989164, 0.58325024925224322, 0.56038647342995174, 0.54443927408096782, 0.60729847494553368, 0.58629441624365475, 0.57471264367816088, 0.56771545827633374, 0.52772808586762077, 0.59261159569009758, 0.5939363817097415, 0.59278350515463918, 0.55864509605662283, 0.59640102827763497, 0.59762033531638714, 0.57250000000000001, 0.54457619675010982, 0.59108006448146155]]]}}
{'diy': {7: [[100, 0.5628224304315268, 0.7659610993381786], [0.7777777777777778, [0.52874067573497152, 0.53306342780026994, 0.52827707145988601, 0.52053486150907347, 0.52231937413713758, 0.51532033426183854, 0.52914798206278024, 0.54484304932735428, 0.51806704397039616, 0.51546391752577314, 0.52485004284490155, 0.53521126760563376, 0.53176470588235303, 0.51996489688459846, 0.52843708016121815, 0.50398992020159594, 0.53671003717472121, 0.52078774617067836, 0.55000000000000004, 0.53755868544600938, 0.52873563218390807, 0.5239520958083832, 0.53462081959491292, 0.50994498518831988, 0.52346570397111924]]]}}

Total Runtime: --- 70691.152122 seconds ---


------------------------------------------------------------
Sender: LSF System <lsfadmin@n3i1-4>
Subject: Job 565026: </share2/aagrawa8/miniconda2/bin/python2.7 DE_topics.py _topics diy> Done

Job </share2/aagrawa8/miniconda2/bin/python2.7 DE_topics.py _topics diy> was submitted from host <login01.hpc.ncsu.edu> by user <aagrawa8> in cluster <henry2>.
Job was executed on host(s) <8*n3i1-4>, in queue <shared_memory>, as user <aagrawa8> in cluster <henry2>.
</home/aagrawa8> was used as the home directory.
</home/aagrawa8/topics_de> was used as the working directory.
Started at Thu Oct 20 14:25:14 2016
Results reported at Fri Oct 21 10:03:27 2016

Your job looked like:

------------------------------------------------------------
# LSBATCH: User input
/share2/aagrawa8/miniconda2/bin/python2.7 DE_topics.py _topics diy
------------------------------------------------------------

Successfully completed.

Resource usage summary:

    CPU time   :  70714.88 sec.
    Max Memory :       245 MB
    Max Swap   :       795 MB

    Max Processes  :         3
    Max Threads    :         4

The output (if any) is above this job summary.



PS:

Read file <./err/diy.err.565026> for stderr output of this job.

