0.314881219184
0.388260470804
0.408483896308
0.347034211174
0.367416690402
0.360838779956
0.402079722704
0.561831153389
0.625683060109
0.586403736378
0.293570394873
0.377358490566
0.382759729817
0.336888027145
0.362003266195
0.382581100141
0.423166279456
0.561797752809
0.322857844341
0.608956854178
0.326730126061
0.318984547461
0.379105520615
0.378480278422
0.57619047619
0.405059237912
0.629546726357
0.618101545254
0.554187192118
0.337386742966
0.330554757114
0.602578475336
0.597792765175
0.556685307575
0.600099601594
0.606142241379
0.560096153846
0.555275113579
0.34509007866
0.346194503171
[100, 0.10735123880093875, 0.9586943054728713] -> [0.8888888888888888, [0.48887122416534173, 0.52069716775599129, 0.4913294797687861, 0.61788617886178854, 0.59709821428571441, 0.59671805072103434, 0.50064460678985823, 0.52951780081117628, 0.6028368794326241, 0.60210876803551616, 0.4633420171194641, 0.57107231920199508, 0.60430463576158944, 0.48360987454471877, 0.62637362637362626, 0.56009615384615385, 0.54145899410965104, 0.60406370126304221, 0.5, 0.48631578947368415, 0.52304147465437778, 0.61344537815126043, 0.60729847494553368, 0.46566837107377657, 0.61153017241379315]]
{'photo': {7: [0.8888888888888888, [0.48887122416534173, 0.52069716775599129, 0.4913294797687861, 0.61788617886178854, 0.59709821428571441, 0.59671805072103434, 0.50064460678985823, 0.52951780081117628, 0.6028368794326241, 0.60210876803551616, 0.4633420171194641, 0.57107231920199508, 0.60430463576158944, 0.48360987454471877, 0.62637362637362626, 0.56009615384615385, 0.54145899410965104, 0.60406370126304221, 0.5, 0.48631578947368415, 0.52304147465437778, 0.61344537815126043, 0.60729847494553368, 0.46566837107377657, 0.61153017241379315]]}}
{'photo': {7: [[[56, 0.8626903632435095, 0.7873971570789526], 0.5555555555555556, [0.28568348426045703, 0.31153676794363716, 0.31196581196581197, 0.33830965567059956, 0.3154034229828851, 0.29921259842519687, 0.325166017861232, 0.33422459893048129, 0.27782922763474716, 0.32227488151658767, 0.32165146423427743, 0.31209079004801393, 0.3101443032522076, 0.32357109116674543, 0.31204341473596331, 0.34950657894736847, 0.30708324416862826, 0.29747596153846156, 0.31488121918422235, 0.29400235201881608, 0.32630634671450998, 0.34063585359337428, 0.32790808999521298, 0.31243148432361317, 0.32800572519083965]], [[63, 0.5458915783827468, 0.5045419583098644], 0.6666666666666666, [0.38980969920196445, 0.38951636258326094, 0.41378116343490301, 0.37663335895465028, 0.37664519742369085, 0.40874865543205452, 0.38826047080403553, 0.38816022686990431, 0.39587690469076786, 0.37313432835820892, 0.39993134225883964, 0.38706434316353894, 0.37996277915632765, 0.39502675480012595, 0.37003138075313802, 0.39309210526315791, 0.38497652582159625, 0.39444267007345896, 0.40410519563822966, 0.38437978560490049, 0.37907608695652173, 0.38167938931297712, 0.39075490522115058, 0.38461538461538469, 0.40914329619669615]], [[83, 0.8098510160219619, 0.1844736280968114], 0.4444444444444444, [0.40219780219780221, 0.41502753737214793, 0.41750705929810406, 0.43383518225039613, 0.39551746868820037, 0.40813110620863535, 0.37510477787091373, 0.41594454072790299, 0.41723433242506808, 0.42582966813274692, 0.40820096047284826, 0.42477173481540292, 0.40528233151183968, 0.43824701195219123, 0.40180489901160293, 0.38418552668343109, 0.38690476190476186, 0.40993537964458804, 0.41634541249036239, 0.40460282108389017, 0.41381928625664383, 0.42206713193752082, 0.40848389630793402, 0.40614886731391592, 0.39149347510874821]], [[51, 0.8521885935278827, 0.489490361114548], 0.5555555555555556, [0.29540273556231006, 0.3554184549356223, 0.3284270650263621, 0.36312095032397407, 0.36890064667842448, 0.35732780942516829, 0.35382685069008779, 0.31705315001026063, 0.36290322580645162, 0.33326000879894413, 0.37790697674418605, 0.34585492227979281, 0.35049552816050278, 0.34066459478842942, 0.32646420824295014, 0.35282258064516125, 0.3510462555066079, 0.31892350074168258, 0.32052689352360042, 0.35753727222528991, 0.34050602979427763, 0.3366926248282181, 0.37492677211482134, 0.3470342111740094, 0.33348990136214191]], [[88, 0.10189544801599963, 0.5008484746493213], 0.6666666666666666, [0.37154377880184331, 0.37200684150513114, 0.36769428387925496, 0.37727539635936591, 0.33035099793530626, 0.38449316809659995, 0.34126569037656906, 0.35938391329150027, 0.33501440922190201, 0.37252124645892348, 0.37121644774414619, 0.34886714727085477, 0.34109589041095895, 0.35076530612244899, 0.38234379857009643, 0.36775106082036774, 0.36741669040159497, 0.3682842287694974, 0.3666666666666667, 0.3356180571968802, 0.36038514442916092, 0.3819548872180451, 0.35344140313579586, 0.34833091436865021, 0.37274315666860802]], [[86, 0.3058859991434074, 0.95074362599853], 0.7777777777777778, [0.37448559670781895, 0.36241610738255031, 0.35427135678391963, 0.37082314588427057, 0.34447300771208228, 0.353494623655914, 0.35216620217887001, 0.36368684064408657, 0.35435192670439236, 0.3584764749813294, 0.36016371077762621, 0.35996835443037978, 0.37220122128525729, 0.3520079325731284, 0.36907536907536909, 0.36083877995642705, 0.36491324703938305, 0.34318514899853442, 0.36556603773584906, 0.37425149700598803, 0.33680555555555558, 0.34861893268972916, 0.36433894562517255, 0.37166085946573746, 0.36150712830957232]], [[95, 0.1275309847301982, 0.12290127489411473], 0.5555555555555556, [0.40528093337427085, 0.41194129419613074, 0.40272815849301719, 0.39541252995549475, 0.40761836952652192, 0.39962535123321885, 0.40835707502374169, 0.3936170212765957, 0.41319560146617795, 0.39473684210526316, 0.39103554868624424, 0.38878143133462278, 0.41595635867712244, 0.39095266626722586, 0.39661898569570875, 0.37950664136622386, 0.38783741855414211, 0.40207972270363956, 0.41472172351885095, 0.41397153945666237, 0.40272373540856032, 0.39901477832512311, 0.39350497366881215, 0.40494747543205689, 0.40986231187960293]], [[77, 0.9452342465006595, 0.4430838139193912], 0.5555555555555556, [0.57397176181706577, 0.5347091932457787, 0.52919708029197077, 0.56141439205955335, 0.62608695652173918, 0.56183115338882283, 0.57870370370370383, 0.5351586807716241, 0.59857057772483613, 0.56568196103079815, 0.54003724394785857, 0.58636626227614086, 0.55028462998102468, 0.55588409225310464, 0.59036144578313254, 0.55277951280449733, 0.58472553699284013, 0.55555555555555558, 0.58933002481389574, 0.54506699147381243, 0.51827441581785505, 0.59276822762299941, 0.56875000000000009, 0.54782082324455195, 0.58252427184466005]], [[61, 0.47990491802444557, 0.12613670881738115], 0.4444444444444444, [0.59543683917640511, 0.65066666666666662, 0.61394380853277841, 0.62568306010928965, 0.61426340447683492, 0.65079365079365092, 0.64935064935064934, 0.63361611876988344, 0.6155055002619173, 0.62266167824692675, 0.63270777479892759, 0.61731843575418988, 0.62334217506631295, 0.62961011591148575, 0.63890325918261759, 0.62277580071174388, 0.62807209175314027, 0.6183745583038871, 0.62148337595907921, 0.62672556598564333, 0.63712637650760351, 0.62239583333333348, 0.64265927977839332, 0.64769647696476962, 0.60433884297520679]], [[61, 0.4940988342855148, 0.5462310172436656], 0.6666666666666666, [0.56203358208955223, 0.56711758584807481, 0.61714909885308578, 0.57974559686888449, 0.59400826446280997, 0.59674027339642488, 0.5436893203883495, 0.60963371801304567, 0.57425742574257421, 0.59384941675503711, 0.59262948207171318, 0.5864037363777892, 0.58913934426229508, 0.57701832590391289, 0.56652806652806664, 0.54627539503386002, 0.56418219461697727, 0.59430255402750487, 0.59657570893525957, 0.58212058212058215, 0.58910891089108908, 0.56313993174061427, 0.57401074743527114, 0.58854718981972431, 0.61369863013698633]], [[56, 0.8626903632435095, 0.7873971570789526], 0.5555555555555556, [0.30879671832269828, 0.27255639097744361, 0.2914753443801158, 0.28107680126682499, 0.3168685927306617, 0.27717193747728103, 0.27039086203819385, 0.31040849296099698, 0.31081398076471967, 0.29601163273784797, 0.32039826397753379, 0.25778458397141402, 0.25853242320819109, 0.29028925619834711, 0.30376799322607961, 0.32250525823790605, 0.26320391745365518, 0.2467343976777939, 0.29924650161463939, 0.31969622733953945, 0.30612244897959184, 0.33975240715268223, 0.27156261277517141, 0.29357039487285502, 0.27639632746748277]], [[63, 0.5458915783827468, 0.5045419583098644], 0.5555555555555556, [0.39315617036767386, 0.36762281569403238, 0.36336004421110812, 0.3766344513928368, 0.37639553429027112, 0.37735849056603776, 0.3525161933233682, 0.38311882669859315, 0.39228723404255322, 0.37542139135764629, 0.38125000000000003, 0.39276401564537156, 0.37905604719764013, 0.38517022504327753, 0.36611195158850229, 0.38508371385083712, 0.37495870498843742, 0.38129052176597716, 0.36095159967186219, 0.3562517327418907, 0.38013488657265482, 0.37982195845697325, 0.34215328467153289, 0.37372406980572931, 0.37917544387601565]], [[83, 0.8098510160219619, 0.1844736280968114], 0.4444444444444444, [0.39406345957011263, 0.38057370065322349, 0.38010590015128592, 0.38305868748193123, 0.38813505837803719, 0.37824406405300937, 0.38275972981666129, 0.35523114355231145, 0.37361111111111106, 0.39147286821705418, 0.36404720060256091, 0.3965658217497956, 0.41358936484490399, 0.38699234844025898, 0.34562211981566821, 0.39442766028868759, 0.38005923000987163, 0.37463126843657818, 0.38396766588076797, 0.37119195504288671, 0.39052496798975672, 0.39283252929014473, 0.3670097508125677, 0.38256227758007116, 0.39206195546950628]], [[51, 0.8521885935278827, 0.489490361114548], 0.4444444444444444, [0.361033696478338, 0.35144181256436657, 0.3368880271449346, 0.33357593401261521, 0.33272561531449402, 0.33518905126420784, 0.36656041727035649, 0.33642691415313225, 0.3294573643410853, 0.3363066538090646, 0.33271288971614704, 0.34907597535934293, 0.34645669291338582, 0.32984176509917534, 0.35764973034345732, 0.36480089111668063, 0.33914966822315057, 0.32269099201824403, 0.32843991042547899, 0.3279405334499344, 0.33752721993709173, 0.35573678290213723, 0.33583842179426959, 0.33806892922915022, 0.37097654118930712]], [[88, 0.10189544801599963, 0.5008484746493213], 0.6666666666666666, [0.35901467505241091, 0.3615960099750623, 0.36407766990291263, 0.36305018222596019, 0.33965434469515121, 0.34345445495271282, 0.34858087627445583, 0.37499999999999994, 0.36714713081316286, 0.3726287262872629, 0.37046979865771806, 0.35836177474402731, 0.36007025761124117, 0.35309973045822102, 0.37464350531501162, 0.37001897533206835, 0.35246331236897277, 0.37371829465731243, 0.35704362322867467, 0.36480686695278974, 0.36616161616161613, 0.36200326619488299, 0.36924298570672309, 0.34766454352441611, 0.36027652220154222]], [[86, 0.3058859991434074, 0.95074362599853], 0.6666666666666666, [0.35356427139994273, 0.40699630003363613, 0.39738270028726463, 0.35621574848572252, 0.34482758620689652, 0.39381854436689928, 0.38369713506139158, 0.40607344632768372, 0.32435740514075884, 0.34099153567110041, 0.38367844092570036, 0.34981736442821015, 0.38258110014104374, 0.35227272727272729, 0.34392984379281993, 0.39505324630711092, 0.39886039886039887, 0.40229885057471254, 0.34544950055493895, 0.33967718622018794, 0.39688164422395461, 0.36801328168234648, 0.36199095022624428, 0.39961941008563273, 0.3967446592065107]], [[95, 0.1275309847301982, 0.12290127489411473], 0.5555555555555556, [0.42172739541160592, 0.43893129770992367, 0.44233524355300857, 0.42246681774036904, 0.40601503759398494, 0.42401733209532649, 0.42211838006230529, 0.42092706203135649, 0.41995200548508738, 0.42375654450261779, 0.43126684636118601, 0.40589794565937704, 0.44615963855421692, 0.42394822006472488, 0.43127147766323026, 0.41796631316281968, 0.45393634840871022, 0.41495198902606312, 0.42093469910371317, 0.431961438635521, 0.42452830188679241, 0.41722745625841184, 0.42150170648464158, 0.42316627945569202, 0.4307238781526368]], [[77, 0.9452342465006595, 0.4430838139193912], 0.5555555555555556, [0.57266009852216748, 0.55142503097893436, 0.5607187112763321, 0.58090024330900236, 0.56491885143570542, 0.51625239005736134, 0.54844606946983554, 0.56818181818181812, 0.59000602046959671, 0.56580565805658045, 0.57012195121951226, 0.54769230769230759, 0.56200366524129508, 0.57573891625615758, 0.5617977528089888, 0.57971014492753625, 0.55347091932457793, 0.55034396497811133, 0.54735547355473557, 0.59194711538461542, 0.55896805896805901, 0.55356074207061645, 0.61477892186553607, 0.54850982878883958, 0.55274794693619711]], [[100, 0.1, 0.7501595482977881], 0.7777777777777778, [0.30402542372881358, 0.33333333333333331, 0.32451628704384033, 0.3710482529118137, 0.31919797188292237, 0.36140470508012279, 0.31875463306152713, 0.30409872190392245, 0.32696897374701672, 0.3228578443407808, 0.36418309388573333, 0.32772869763465373, 0.31671483622350677, 0.3293201133144476, 0.31648559282002836, 0.36965605914496946, 0.3527902501603592, 0.32581165093253517, 0.31982193064667291, 0.31641086186540734, 0.37171507607192256, 0.32214600685938261, 0.29450261780104708, 0.28991509629322842, 0.29393039049235992]], [[61, 0.4940988342855148, 0.5462310172436656], 0.6666666666666666, [0.57494866529774136, 0.61714909885308578, 0.62209602478058856, 0.61965811965811957, 0.59958826556870826, 0.61116965226554265, 0.59411146161934802, 0.60631229235880402, 0.60790273556231011, 0.61072756240042481, 0.57959814528593512, 0.61572292468389223, 0.59956592512208362, 0.589832181638697, 0.61477441745166084, 0.61416542842991584, 0.58206607236497121, 0.62076160667709956, 0.59116022099447507, 0.62908496732026142, 0.60895685417804479, 0.60853530031612213, 0.61034115138592759, 0.62032085561497319, 0.58944131214761653]], [[56, 0.8626903632435095, 0.7873971570789526], 0.5555555555555556, [0.31760232610154321, 0.33043707214323331, 0.30513595166163149, 0.27402547279042844, 0.35175879396984921, 0.32701191344517389, 0.26636771300448431, 0.33358605003790753, 0.3376417831706674, 0.33529123837493879, 0.31920199501246876, 0.3005635566687539, 0.34996759559300067, 0.32229746676699272, 0.33400554575245778, 0.28969957081545067, 0.30513918629550318, 0.3336580613735996, 0.33199505867819645, 0.28855527393254043, 0.29068617757563764, 0.33410138248847926, 0.28650464335111631, 0.33224400871459692, 0.32673012606122975]], [[63, 0.5458915783827468, 0.5045419583098644], 0.5555555555555556, [0.29442363712026626, 0.29806553493880777, 0.32127031019202357, 0.31467629610523601, 0.33842794759825323, 0.29832672831351825, 0.31898454746136867, 0.3274932614555256, 0.33417402269861285, 0.31636131231359182, 0.33952823445318081, 0.3129314312011045, 0.31647058823529406, 0.32046429472621751, 0.32712632108706596, 0.3315324165029469, 0.32755298651252412, 0.32494145199063235, 0.31924666972898474, 0.29436152570480922, 0.31243100022079928, 0.31263247138618055, 0.30335171828595675, 0.33977900552486195, 0.30514791521080831]], [[83, 0.8098510160219619, 0.1844736280968114], 0.5555555555555556, [0.40013227513227512, 0.37695207323640278, 0.33544877606527651, 0.39904376609047448, 0.37910552061495462, 0.39183820873961722, 0.34627366403067339, 0.36770583533173462, 0.3785736726358781, 0.39138943248532287, 0.38549400342661333, 0.37585833032164795, 0.3853754940711463, 0.37952338923212708, 0.38589588377723971, 0.36888111888111885, 0.36899389434563307, 0.36778574122972463, 0.34280117531831539, 0.39398038552587078, 0.35741444866920152, 0.37632679318108714, 0.37972768532526474, 0.40206185567010311, 0.38333333333333336]], [[51, 0.8521885935278827, 0.489490361114548], 0.5555555555555556, [0.38461538461538469, 0.37848027842227372, 0.37186742118027488, 0.3584018801410106, 0.39091840218504614, 0.37006802721088433, 0.38178913738019171, 0.39095907147220527, 0.36979166666666669, 0.38852459016393437, 0.39477924589107316, 0.36267318663406684, 0.36429365962180199, 0.37241780622636023, 0.38435257943286633, 0.36356425171866735, 0.39965694682675806, 0.39130434782608697, 0.37811104020421182, 0.35457348406988687, 0.38202247191011235, 0.39436173582515049, 0.37309132814750795, 0.38212634822804303, 0.33479061205706395]], [[88, 0.10189544801599963, 0.5008484746493213], 0.6666666666666666, [0.59952038369304561, 0.57097361237488631, 0.57015485687470679, 0.50742077817890097, 0.58686539357242651, 0.58220773171867723, 0.55665024630541882, 0.60471976401179939, 0.5629139072847682, 0.58405863490609267, 0.56616961789375586, 0.57619047619047625, 0.57223264540337715, 0.59285714285714286, 0.57265731100045258, 0.56912442396313367, 0.55606198723792155, 0.60053619302949079, 0.59069767441860466, 0.60068093385214005, 0.55530575539568339, 0.59763895720609939, 0.59021113243761991, 0.58215962441314562, 0.54691075514874132]], [[64.2, 0.35849294270472126, 0.7971792942940068], 0.6666666666666666, [0.40705128205128205, 0.40549273021001614, 0.39414802065404475, 0.41318166610906659, 0.40786480337991554, 0.40813008130081302, 0.39405684754521969, 0.39490445859872614, 0.4074074074074075, 0.40854068594485532, 0.40174400498287138, 0.40713324360699865, 0.40505923791226384, 0.4153750774953503, 0.41119557705597781, 0.40303134688253528, 0.41188386225523294, 0.40141081625797781, 0.41018158236057067, 0.38648911984410517, 0.34831121833534379, 0.40381558028616854, 0.39975954313195072, 0.40488656195462469, 0.40160642570281124]], [[100, 0.10735123880093875, 0.9586943054728713], 0.7777777777777778, [0.62143671607753714, 0.64144736842105243, 0.63025210084033612, 0.61746122917863289, 0.62143966856551003, 0.63333333333333341, 0.62745098039215697, 0.64029595902105862, 0.62954672635702291, 0.62987736900780389, 0.59447459299457317, 0.63514269725797423, 0.55283757338551853, 0.63487584650112849, 0.61939461883408065, 0.63221550302363927, 0.63496426608026391, 0.6333705357142857, 0.63227953410981697, 0.61778290993071605, 0.60397131825703276, 0.54491564067487464, 0.62255723059743162, 0.62289562289562295, 0.63514269725797423]], [[50, 0.8024890730714684, 0.8008727779545499], 0.5555555555555556, [0.64780539397144365, 0.61664953751284679, 0.61034115138592759, 0.60254284134881142, 0.6028368794326241, 0.61462655601659744, 0.62533262373602994, 0.61816192560175054, 0.62228260869565222, 0.59038662486938354, 0.63104189044038672, 0.61603823685608061, 0.61810154525386318, 0.6387665198237884, 0.61819980217606318, 0.61530230069555902, 0.60344827586206895, 0.63509149623250805, 0.62187812187812186, 0.58901215002641305, 0.63631660631143305, 0.60765815760266373, 0.62763713080168781, 0.63314226159458054, 0.61256544502617805]], [[86.0, 0.1, 0.9742073794469251], 0.7777777777777778, [0.51343570057581578, 0.54840247973295175, 0.61363636363636365, 0.53122289679098011, 0.59245483528161536, 0.57911908646003263, 0.5866076369673493, 0.60646900269541781, 0.5173160173160174, 0.43849869936826463, 0.48702679710761382, 0.55418719211822665, 0.51740139211136893, 0.62262098966829804, 0.61354802887284832, 0.61779242174629323, 0.50715214564369315, 0.61147186147186139, 0.60217983651226148, 0.49915397631133679, 0.52736098852603697, 0.54445554445554445, 0.6230031948881789, 0.54185927067282991, 0.58102345415778256]], [[61, 0.4940988342855148, 0.5462310172436656], 0.6666666666666666, [0.3597560975609756, 0.33333333333333337, 0.32841668587232081, 0.32714512112293415, 0.36062906724511928, 0.34067845752391995, 0.3235294117647059, 0.32756632064590541, 0.33985213450989743, 0.36372453928225018, 0.3346360527601368, 0.32803867403314912, 0.32921348314606741, 0.34368070953436802, 0.34591194968553463, 0.33388003748828493, 0.32725455908068951, 0.34952606635071082, 0.35833333333333339, 0.34093789607097591, 0.29683506978572832, 0.35684761642325707, 0.33738674296614207, 0.35017730496453897, 0.30453108535300316]], [[56, 0.8626903632435095, 0.7873971570789526], 0.5555555555555556, [0.32758620689655171, 0.34564393939393934, 0.34502423723980608, 0.25301802546717383, 0.32505020080321284, 0.35136642498605691, 0.34213515048268028, 0.32500606354596168, 0.34087882822902793, 0.30728709394205445, 0.34296516338104244, 0.33309792843691144, 0.32644733486355521, 0.34162303664921467, 0.33055475711411331, 0.35159336318145901, 0.29238578680203042, 0.35353535353535354, 0.35911602209944748, 0.31298214679303504, 0.32279608192341941, 0.29915456319098194, 0.33484309285021024, 0.31123300739327447, 0.32616159304188602]], [[63, 0.5458915783827468, 0.5045419583098644], 0.5555555555555556, [0.60103626943005173, 0.59484649122807021, 0.59139784946236562, 0.60613810741687979, 0.6158833063209076, 0.60257847533632303, 0.58139534883720922, 0.59685863874345546, 0.60404624277456642, 0.60598246518824139, 0.63041125541125531, 0.61403508771929816, 0.58692006707657907, 0.60614371914426768, 0.61453974895397501, 0.59635560463832138, 0.61769616026711183, 0.6130268199233716, 0.58202490525175954, 0.62298603651987106, 0.5971428571428572, 0.57003257328990231, 0.61772853185595578, 0.5925537493445201, 0.58913934426229508]], [[83, 0.8098510160219619, 0.1844736280968114], 0.4444444444444444, [0.60588235294117665, 0.58041112454655375, 0.60615384615384615, 0.61292270531400972, 0.59779276517473934, 0.60597014925373138, 0.59352517985611508, 0.5918242830994509, 0.60798548094373861, 0.58895705521472397, 0.59322033898305082, 0.58876811594202894, 0.57432432432432434, 0.59818731117824786, 0.60887822435512906, 0.59198542805100174, 0.60072815533980595, 0.60084541062801922, 0.60642092746730092, 0.59186189889025898, 0.60960960960960964, 0.58252427184466005, 0.60918187168922877, 0.57939914163090134, 0.59678416821273961]], [[51, 0.8521885935278827, 0.489490361114548], 0.4444444444444444, [0.56473095364944059, 0.54612337294850022, 0.54602184087363492, 0.55668530757498724, 0.56050288108957569, 0.54573804573804574, 0.55328913819479864, 0.5357142857142857, 0.58102345415778256, 0.57503867973182055, 0.54023635340461451, 0.56978567694720339, 0.56315789473684208, 0.5476073014306857, 0.55644729802033177, 0.55997876857749462, 0.58728448275862066, 0.55071721311475408, 0.55346587855991414, 0.55379746835443033, 0.56239957150508824, 0.55837563451776639, 0.5648197955890264, 0.52795031055900621, 0.56948228882833785]], [[88, 0.10189544801599963, 0.5008484746493213], 0.7777777777777778, [0.58545797922568465, 0.61352657004830924, 0.5904907975460123, 0.58500477554918806, 0.60566334556895651, 0.61819980217606318, 0.57749259624876603, 0.59728742827334369, 0.61773255813953498, 0.59401080019636721, 0.60009960159362541, 0.61224489795918369, 0.58354755784061696, 0.57811753463927373, 0.60029282576866771, 0.58781869688385269, 0.60246913580246908, 0.59548254620123198, 0.60262228946041341, 0.60415659739004357, 0.59506531204644397, 0.61042183622828783, 0.61696658097686374, 0.58145363408521311, 0.60357315306615167]], [[50, 0.9283033944518795, 0.18166467289107702], 0.5555555555555556, [0.60718057022175276, 0.59654178674351588, 0.62074829931972797, 0.59758771929824561, 0.62466487935656845, 0.60614224137931039, 0.59023836549375719, 0.59184812953657173, 0.61149182920400624, 0.59797866367209429, 0.62567713976164674, 0.63541666666666663, 0.58589306029579069, 0.58840250142126205, 0.59668508287292821, 0.59288537549407105, 0.56745182012847961, 0.61159420289855071, 0.63659793814432997, 0.62465753424657533, 0.60941043083900237, 0.62118691070438159, 0.61718749999999989, 0.59398099260823645, 0.58053500284575976]], [[100, 0.10735123880093875, 0.9586943054728713], 0.8888888888888888, [0.48887122416534173, 0.52069716775599129, 0.4913294797687861, 0.61788617886178854, 0.59709821428571441, 0.59671805072103434, 0.50064460678985823, 0.52951780081117628, 0.6028368794326241, 0.60210876803551616, 0.4633420171194641, 0.57107231920199508, 0.60430463576158944, 0.48360987454471877, 0.62637362637362626, 0.56009615384615385, 0.54145899410965104, 0.60406370126304221, 0.5, 0.48631578947368415, 0.52304147465437778, 0.61344537815126043, 0.60729847494553368, 0.46566837107377657, 0.61153017241379315]], [[50, 0.8024890730714684, 0.8008727779545499], 0.4444444444444444, [0.57797708021923266, 0.57078903189703423, 0.54667354306343485, 0.54828973843058348, 0.54687500000000011, 0.56892778993435456, 0.54475703324808178, 0.55852485301977539, 0.54878048780487798, 0.55919258046917619, 0.57681324957167335, 0.56781485468245418, 0.55128205128205121, 0.549792531120332, 0.51660516605166051, 0.54591836734693888, 0.57434245840042941, 0.58252427184466016, 0.56938559322033899, 0.52618069815195068, 0.5552751135790005, 0.52882324916626966, 0.55991627420198853, 0.54721030042918439, 0.56158437330439492]], [[86.0, 0.1, 0.9742073794469251], 0.6666666666666666, [0.34150612959719789, 0.38081107814045501, 0.34723988806919359, 0.31635449977158525, 0.35262206148282099, 0.35502958579881655, 0.34883720930232559, 0.3040752351097179, 0.34509007866023855, 0.35115303983228513, 0.34267133566783392, 0.34360189573459715, 0.34386617100371747, 0.35364238410596027, 0.36123853211009171, 0.35652673950546293, 0.34366576819407002, 0.35041841004184104, 0.35165407658244335, 0.3125, 0.31479085812850371, 0.33770161290322581, 0.34581772784019971, 0.34396415392725355, 0.34436008676789587]], [[61, 0.4940988342855148, 0.5462310172436656], 0.6666666666666666, [0.35733919736118752, 0.33577214528351185, 0.34898477157360408, 0.32365540218943367, 0.34619450317124734, 0.33022170361726949, 0.35205696202531644, 0.35765379113018603, 0.35793871866295263, 0.3287070854638422, 0.34085149518499747, 0.37453760789149199, 0.34808418780356176, 0.34883720930232559, 0.33961776859504139, 0.34783708575765238, 0.34501642935377874, 0.31730560970327054, 0.36783854166666674, 0.34644194756554308, 0.3461732124874119, 0.34405483785921437, 0.32535074987905177, 0.36339365173539007, 0.30728616684266102]]]}}
{'photo': {7: [[100, 0.10735123880093875, 0.9586943054728713], [0.8888888888888888, [0.48887122416534173, 0.52069716775599129, 0.4913294797687861, 0.61788617886178854, 0.59709821428571441, 0.59671805072103434, 0.50064460678985823, 0.52951780081117628, 0.6028368794326241, 0.60210876803551616, 0.4633420171194641, 0.57107231920199508, 0.60430463576158944, 0.48360987454471877, 0.62637362637362626, 0.56009615384615385, 0.54145899410965104, 0.60406370126304221, 0.5, 0.48631578947368415, 0.52304147465437778, 0.61344537815126043, 0.60729847494553368, 0.46566837107377657, 0.61153017241379315]]]}}

Total Runtime: --- 49817.8782189 seconds ---


------------------------------------------------------------
Sender: LSF System <lsfadmin@n3i1-5>
Subject: Job 565027: </share2/aagrawa8/miniconda2/bin/python2.7 DE_topics.py _topics photo> Done

Job </share2/aagrawa8/miniconda2/bin/python2.7 DE_topics.py _topics photo> was submitted from host <login01.hpc.ncsu.edu> by user <aagrawa8> in cluster <henry2>.
Job was executed on host(s) <8*n3i1-5>, in queue <shared_memory>, as user <aagrawa8> in cluster <henry2>.
</home/aagrawa8> was used as the home directory.
</home/aagrawa8/topics_de> was used as the working directory.
Started at Thu Oct 20 14:25:14 2016
Results reported at Fri Oct 21 04:15:33 2016

Your job looked like:

------------------------------------------------------------
# LSBATCH: User input
/share2/aagrawa8/miniconda2/bin/python2.7 DE_topics.py _topics photo
------------------------------------------------------------

Successfully completed.

Resource usage summary:

    CPU time   :  49835.10 sec.
    Max Memory :       211 MB
    Max Swap   :       761 MB

    Max Processes  :         3
    Max Threads    :         4

The output (if any) is above this job summary.



PS:

Read file <./err/photo.err.565027> for stderr output of this job.

