0.186567164179
0.219896875948
0.512934879572
0.217696629213
0.213549337261
0.430131998179
0.233611010503
0.181973619932
0.506899464939
0.20886981402
0.178280121184
0.217391304348
0.180160625136
0.21449704142
0.183815028902
0.174566229369
0.238886580806
0.179824561404
0.249234805422
0.19978689398
0.199318122213
0.219141323792
0.236943907157
0.219178082192
0.250354274917
0.166832174777
0.232683982684
0.183089214381
0.257247856268
0.205341757611
0.489038785835
0.216262975779
0.274698795181
0.210834553441
0.217462932455
0.160326628162
0.248904818797
0.486599011189
0.253960857409
0.229788661523
[86, 0.3058859991434074, 0.95074362599853] -> [0.7777777777777778, [0.42140468227424749, 0.43898263634140372, 0.42896362388469456, 0.43220906857270497, 0.42825848849945231, 0.42997262773722628, 0.42869935079471688, 0.43920480813684692, 0.43493718890732391, 0.42091559991321326, 0.4409584980237154, 0.42480790340285407, 0.4301319981793354, 0.4327030033370412, 0.42635658914728686, 0.43378471425292631, 0.44342137145626365, 0.42202227934875741, 0.43429594806357741, 0.42175239755884919, 0.42123361272297438, 0.43734421028778608, 0.43152396093572565, 0.42616334283000956, 0.4334793636154024]]
{'rpg': {7: [0.7777777777777778, [0.42140468227424749, 0.43898263634140372, 0.42896362388469456, 0.43220906857270497, 0.42825848849945231, 0.42997262773722628, 0.42869935079471688, 0.43920480813684692, 0.43493718890732391, 0.42091559991321326, 0.4409584980237154, 0.42480790340285407, 0.4301319981793354, 0.4327030033370412, 0.42635658914728686, 0.43378471425292631, 0.44342137145626365, 0.42202227934875741, 0.43429594806357741, 0.42175239755884919, 0.42123361272297438, 0.43734421028778608, 0.43152396093572565, 0.42616334283000956, 0.4334793636154024]]}}
{'rpg': {7: [[[56, 0.8626903632435095, 0.7873971570789526], 0.6666666666666666, [0.19673828630597981, 0.17349815658208628, 0.17707662588538314, 0.2142857142857143, 0.18128257421255378, 0.19164193867457963, 0.19579875518672202, 0.17307692307692304, 0.16518424396442188, 0.19103600293901543, 0.17796967144060657, 0.16509905943566139, 0.18656716417910446, 0.20077007700770078, 0.19653857436198297, 0.18735083532219571, 0.16911295469049137, 0.18831667947732514, 0.19911504424778759, 0.18214127054642384, 0.19284093773632466, 0.20000000000000004, 0.16620844788802799, 0.18426966292134833, 0.17957351290684623]], [[63, 0.5458915783827468, 0.5045419583098644], 0.5555555555555556, [0.21320698845128816, 0.22342802425789979, 0.22504327755337569, 0.2267530487804878, 0.22316043425814236, 0.22032807976841426, 0.21175453759723423, 0.21906354515050167, 0.22308892355694229, 0.20768136557610242, 0.22727272727272729, 0.2176676199555132, 0.22473930240920531, 0.20981789390340461, 0.22337821297429619, 0.21989687594783139, 0.22470039946737683, 0.21774193548387094, 0.21773680864589953, 0.20429544264012572, 0.20177562550443906, 0.19966722129783696, 0.23601065854586981, 0.23446435379336639, 0.1996298254891592]], [[83, 0.8098510160219619, 0.1844736280968114], 0.4444444444444444, [0.51488197057817309, 0.519786432160804, 0.48282391127941571, 0.50904977375565619, 0.5012964563526362, 0.51178752611160849, 0.50772961503485914, 0.51293487957181094, 0.52501645819618159, 0.49431818181818177, 0.52143508665247795, 0.51569506726457393, 0.51713491818462487, 0.50835042484617643, 0.49628146453089239, 0.52291602583820362, 0.52664381427235907, 0.50511124473842461, 0.50484526414504527, 0.52720048899755501, 0.51584928229665072, 0.52958015267175573, 0.49751969652757511, 0.49848942598187312, 0.51293487957181094]], [[51, 0.8521885935278827, 0.489490361114548], 0.4444444444444444, [0.23288527664895278, 0.19166267369429804, 0.2087942477876106, 0.21777777777777779, 0.26210683974038945, 0.25301204819277107, 0.19925280199252801, 0.2034369471822087, 0.23124544792425344, 0.21523178807947019, 0.23743016759776533, 0.21906818883060783, 0.21660102999091185, 0.20259740259740261, 0.24784482758620691, 0.22794662713120831, 0.21140472878998609, 0.23074127906976741, 0.21034678794769754, 0.19294117647058823, 0.23324694557571271, 0.18514362657091563, 0.21111413783710159, 0.21769662921348318, 0.22839072382290934]], [[88, 0.10189544801599963, 0.5008484746493213], 0.5555555555555556, [0.1939807194921232, 0.2129496402877698, 0.21305125148986889, 0.21825924940111793, 0.2008222643896268, 0.21424167694204685, 0.21784855769230768, 0.21666200726866089, 0.1962245404868356, 0.21258503401360546, 0.20228906042054831, 0.21928460342146189, 0.220677146311971, 0.212019524100061, 0.20861372812920592, 0.18849422532142079, 0.22079549013466959, 0.22252497729336967, 0.21416083916083917, 0.20918785890073832, 0.24417069951605805, 0.22257323377369326, 0.21354933726067746, 0.21013597033374537, 0.21694816540477577]], [[86, 0.3058859991434074, 0.95074362599853], 0.7777777777777778, [0.42140468227424749, 0.43898263634140372, 0.42896362388469456, 0.43220906857270497, 0.42825848849945231, 0.42997262773722628, 0.42869935079471688, 0.43920480813684692, 0.43493718890732391, 0.42091559991321326, 0.4409584980237154, 0.42480790340285407, 0.4301319981793354, 0.4327030033370412, 0.42635658914728686, 0.43378471425292631, 0.44342137145626365, 0.42202227934875741, 0.43429594806357741, 0.42175239755884919, 0.42123361272297438, 0.43734421028778608, 0.43152396093572565, 0.42616334283000956, 0.4334793636154024]], [[95, 0.1275309847301982, 0.12290127489411473], 0.5555555555555556, [0.23732251521298176, 0.23536165327210104, 0.22532188841201717, 0.22244691607684536, 0.22787028921998242, 0.2542709574890743, 0.25886101154918362, 0.25784271594327457, 0.2149437052200614, 0.23361101050344077, 0.21601016518424399, 0.22206303724928364, 0.25411764705882356, 0.23978685612788631, 0.22842639593908631, 0.21798832818400277, 0.22974812797821645, 0.25192802056555269, 0.22831050228310504, 0.26043908738699956, 0.21638776687824585, 0.25235032162295895, 0.26827985270910043, 0.23486024844720499, 0.21068635968722851]], [[77, 0.9452342465006595, 0.4430838139193912], 0.4444444444444444, [0.18534961154273033, 0.17060085836909872, 0.18197361993160724, 0.17672151127361366, 0.20788626609442057, 0.27518172377985456, 0.20311701584057232, 0.16391852570320076, 0.17746736890313716, 0.14968532063276069, 0.16015310233682514, 0.16572352465642678, 0.15930735930735926, 0.21626297577854667, 0.22793263646922182, 0.18277358921635825, 0.13972689742775482, 0.20121488230827633, 0.20383369330453566, 0.17114427860696518, 0.14022638959283662, 0.16943993506493507, 0.21705184259837604, 0.23941707147814018, 0.20392937080328274]], [[61, 0.47990491802444557, 0.12613670881738115], 0.5555555555555556, [0.49800228310502281, 0.51544860368389778, 0.49180327868852458, 0.50920427553444181, 0.50689946493945359, 0.49033149171270712, 0.49930069930069937, 0.51599443671766343, 0.52196149217809862, 0.50228963938179738, 0.49827188940092165, 0.50489510489510492, 0.50086855819339904, 0.50753483082172302, 0.51160023795359899, 0.50561797752808979, 0.50857308921825051, 0.50165837479270314, 0.51838980596582684, 0.51074518559866033, 0.51784160139251523, 0.48675115207373271, 0.50610094287298957, 0.50821498189919245, 0.52067612435858734]], [[61, 0.4940988342855148, 0.5462310172436656], 0.5555555555555556, [0.24053627760252369, 0.20652173913043478, 0.19473684210526315, 0.22177419354838709, 0.20506468483347098, 0.19294237116019292, 0.20878524945770063, 0.20858343337334931, 0.23034734917733088, 0.21534728541097967, 0.20370890699634728, 0.22361647361647363, 0.21226415094339623, 0.22598870056497178, 0.20311263518860456, 0.20886981402002863, 0.21047708138447144, 0.24481693868548743, 0.18575063613231552, 0.20620022753128556, 0.21704436642195979, 0.16858050329831417, 0.17788558722458053, 0.22922636103151864, 0.23068669527896996]], [[56, 0.8626903632435095, 0.7873971570789526], 0.5555555555555556, [0.18615209988649262, 0.1767412675172558, 0.17691951896392233, 0.17206927175843695, 0.17082785808147175, 0.18225584594222832, 0.17956441149212232, 0.19725306838106371, 0.16857376379239886, 0.17229575536284802, 0.1962952723251313, 0.1834430856067733, 0.17578554163920018, 0.18839383938393839, 0.17627878540859995, 0.19862490450725745, 0.17828012118387324, 0.17075664621676889, 0.1773518396122494, 0.19149987645169264, 0.19681960375391033, 0.20128824476650567, 0.17906654343807762, 0.16956162117452439, 0.16781936533767289]], [[63, 0.5458915783827468, 0.5045419583098644], 0.4444444444444444, [0.21515151515151515, 0.23818745158791635, 0.24917552216929281, 0.2119774681292618, 0.19017882486517176, 0.23550724637681161, 0.21739130434782605, 0.22233536999321113, 0.21016026610220742, 0.2064398857439626, 0.22267964071856289, 0.19509622989717901, 0.2171272395991497, 0.21876035797149485, 0.22259696458684652, 0.2342007434944238, 0.2388963660834455, 0.22350993377483441, 0.2054589082183563, 0.22336201191264066, 0.21486268174474957, 0.20352781546811397, 0.20115734362083215, 0.24420325604341392, 0.19988066825775655]], [[83, 0.8098510160219619, 0.1844736280968114], 0.4444444444444444, [0.16351744186046513, 0.19426456984273818, 0.18669527896995711, 0.14443909484833894, 0.18614718614718612, 0.20608836206896555, 0.1512884455527847, 0.17914979757085023, 0.22900763358778628, 0.1758114374034003, 0.14063873425139176, 0.16796585003711953, 0.19086496028243602, 0.18016062513566314, 0.19824860131354902, 0.21298778671432825, 0.21321070234113709, 0.17752672987694168, 0.17064846416382254, 0.16391974202794699, 0.18724145438711082, 0.16048317515099222, 0.16941474904874068, 0.18292682926829271, 0.19942272369456837]], [[51, 0.8521885935278827, 0.489490361114548], 0.4444444444444444, [0.20137103684661523, 0.22555153111623313, 0.25053533190578159, 0.19891008174386923, 0.23451327433628316, 0.23836336336336336, 0.21449704142011833, 0.19028871391076116, 0.20179983637851104, 0.18524484536082475, 0.19494487765528368, 0.20146520146520147, 0.20144484579049737, 0.23610530714584202, 0.21803278688524591, 0.22648083623693382, 0.17390387858347384, 0.18849206349206349, 0.21698113207547171, 0.22627737226277372, 0.19670518809933613, 0.15279525435915875, 0.25172117039586916, 0.23876972885471467, 0.23898586866167909]], [[50, 1, 1], 0.6666666666666666, [0.17539810754673432, 0.20288671023965144, 0.21012006861063465, 0.20948860135551445, 0.16992353440951571, 0.17833698030634576, 0.15692252510760402, 0.18850514104930133, 0.18792576932111818, 0.18149038461538464, 0.20543981481481477, 0.17187846529163897, 0.17457180500658759, 0.20851185375606968, 0.18781006378454995, 0.17672710580674775, 0.18673780487804881, 0.20101171458998932, 0.16936824605153783, 0.17857142857142858, 0.19742253907321086, 0.20135135135135135, 0.18167456556082151, 0.16609062980030725, 0.18381502890173412]], [[86, 0.3058859991434074, 0.95074362599853], 0.6666666666666666, [0.17215885086607521, 0.17230576441102757, 0.17753322259136212, 0.17708788806296458, 0.17289820618111085, 0.17880224041361487, 0.18591224018475747, 0.16673570836785417, 0.18090315560391729, 0.1745662293694456, 0.17704104645917909, 0.16419386745796238, 0.17345703912868091, 0.16656384947563233, 0.1790633608815427, 0.17864876569943697, 0.18554687499999997, 0.17284798534798534, 0.1839770354906054, 0.16295862607338013, 0.19235668789808918, 0.17429651406971861, 0.17549457562220802, 0.16696841681754171, 0.16845025762980578]], [[95, 0.1275309847301982, 0.12290127489411473], 0.5555555555555556, [0.21043165467625899, 0.23375142531356896, 0.21941747572815537, 0.23719165085388999, 0.24918490917559388, 0.25727650727650725, 0.21174377224199287, 0.23684210526315791, 0.22506790842064414, 0.24575902566333188, 0.20597621119814333, 0.271201033146793, 0.22986081822016022, 0.2795806290564154, 0.23780733575171303, 0.25405636208368915, 0.2416812609457093, 0.23076923076923075, 0.248337895971842, 0.2700764818355641, 0.25768731052403637, 0.24562864279766863, 0.23190442726633873, 0.26378326996197721, 0.23888658080598255]], [[77, 0.9452342465006595, 0.4430838139193912], 0.4444444444444444, [0.23407250967969026, 0.17019910083493897, 0.21644392794886694, 0.22787028921998242, 0.16285381930980999, 0.1788440567066521, 0.21405750798722045, 0.1618217054263566, 0.16881028938906756, 0.17326732673267328, 0.24190741385311523, 0.15070154165944918, 0.19230769230769235, 0.23350751143043763, 0.16610304356475039, 0.19090909090909092, 0.15246077032810271, 0.15161898235394897, 0.24538809606682907, 0.17131062951496384, 0.20972644376899696, 0.21205654841291013, 0.17982456140350878, 0.19440124416796267, 0.15784026220458861]], [[61, 0.47990491802444557, 0.12613670881738115], 0.4444444444444444, [0.28183190739808756, 0.2243730752309723, 0.24109014675052412, 0.25293908086925543, 0.26362038664323373, 0.26394210302256282, 0.24923480542195017, 0.2245250431778929, 0.25924351891202718, 0.28695181375203033, 0.23921710764769843, 0.25392237819983482, 0.26583710407239819, 0.22830254444057163, 0.24816176470588236, 0.25565610859728505, 0.23844731977818856, 0.25685785536159605, 0.24910322837783977, 0.22677165354330708, 0.25791855203619912, 0.24679170779861795, 0.24022346368715086, 0.22209985315712188, 0.24934952298352128]], [[61, 0.4940988342855148, 0.5462310172436656], 0.5555555555555556, [0.22543148996125395, 0.21279516749038987, 0.1775634995296331, 0.22787694644891759, 0.20900321543408359, 0.15950580859302968, 0.23055881203595155, 0.22233366766967569, 0.17915309446254071, 0.191969887076537, 0.19778699861687415, 0.18832829574517554, 0.21878824969400246, 0.22819285977180714, 0.19204007792930697, 0.17718991764412279, 0.19978689397975494, 0.22985989492119091, 0.23476911136980985, 0.18560321043391018, 0.20550161812297735, 0.20498804236419541, 0.1894150417827298, 0.19269521410579343, 0.18092105263157895]], [[69.4, 0.27969092368391973, 0.5567671352803871], 0.4444444444444444, [0.20259938837920488, 0.18835616438356162, 0.19860184302510331, 0.20692453340546391, 0.19041064464326682, 0.20261437908496735, 0.19480519480519481, 0.19899841855561415, 0.20550271739130435, 0.22765246449456975, 0.19798234552332913, 0.18092909535452323, 0.1937881603397929, 0.21218715995647444, 0.22950176539819536, 0.18486777668952006, 0.21247021445591738, 0.21832616606020511, 0.20214871359909528, 0.19931812221348019, 0.19366197183098594, 0.21532990912682737, 0.17962116263879818, 0.22517088862082826, 0.1974400871459695]], [[63, 0.5458915783827468, 0.5045419583098644], 0.4444444444444444, [0.22278803309993636, 0.19125683060109286, 0.20534458509142053, 0.22901985906470212, 0.22656520235212727, 0.21914132379248658, 0.19585544604498359, 0.25121198765976199, 0.21140749148694665, 0.22340425531914895, 0.21979865771812079, 0.17989282980352131, 0.20796460176991149, 0.20697167755991283, 0.23174391463821273, 0.22143340094658553, 0.20988677161005245, 0.2301963439404198, 0.20790816326530615, 0.21939447125932426, 0.20756699947451393, 0.22966708807416769, 0.20395074397126736, 0.1961783439490446, 0.2280183727034121]], [[83, 0.8098510160219619, 0.1844736280968114], 0.4444444444444444, [0.24534043362495245, 0.26438117373619985, 0.16566828903032571, 0.24082934609250398, 0.23294203961848858, 0.21230612763793538, 0.22528865108420162, 0.19861210815984687, 0.24044654358093601, 0.25841631104788998, 0.1634275618374558, 0.20769445218845831, 0.25310173697270472, 0.25442980463425718, 0.23694390715667307, 0.25208333333333333, 0.21288674425205792, 0.25775907417148869, 0.22461538461538463, 0.21820809248554909, 0.24160147261849976, 0.2478785171951764, 0.20732298739088267, 0.14165159734779989, 0.24520255863539447]], [[51, 0.8521885935278827, 0.489490361114548], 0.5555555555555556, [0.17201166180758018, 0.24293785310734464, 0.22584973166368516, 0.20000000000000001, 0.23267838676318511, 0.21911764705882353, 0.26065162907268169, 0.21959964146997313, 0.21546803652968038, 0.2153716216216216, 0.21917808219178084, 0.2182223638101306, 0.21133525456292029, 0.18878339589313314, 0.23664395840803157, 0.20701946805593638, 0.2238163558106169, 0.18431204457779685, 0.26391554702495196, 0.22412755716004815, 0.23591806876371618, 0.2361005331302361, 0.21465808034345291, 0.21001150747986191, 0.2258260078811761]], [[97.7, 0.8676317343019668, 0.1], 0.4444444444444444, [0.26992287917737789, 0.18693693693693697, 0.26544155181214907, 0.15565875472996218, 0.26751592356687898, 0.20800211976682564, 0.25694156651471201, 0.20979020979020976, 0.2619949494949495, 0.27494908350305497, 0.27345998848589526, 0.25011368804001816, 0.20200720535254763, 0.23489932885906042, 0.21759403170655892, 0.26700804681784929, 0.244983667755483, 0.25497512437810943, 0.25035427491733586, 0.15564853556485356, 0.24952621604548325, 0.26899798251513113, 0.26146788990825692, 0.25173210161662818, 0.17464013547840812]], [[86, 0.3058859991434074, 0.95074362599853], 0.6666666666666666, [0.17050390964378803, 0.16656447986920092, 0.16924959216965743, 0.16370250606305581, 0.16571876838595803, 0.16426512968299714, 0.16680227827502034, 0.16282225237449116, 0.16732673267326734, 0.16477520733304232, 0.1686696183849884, 0.16683217477656406, 0.16475927387529599, 0.17274472168905949, 0.17213609824843967, 0.16441821247892077, 0.16635859519408502, 0.1714227058098953, 0.16889238020424194, 0.17129045817570407, 0.16799836099160009, 0.17191977077363893, 0.16562310644314279, 0.17056026462683482, 0.16680064308681669]], [[95, 0.1275309847301982, 0.12290127489411473], 0.5555555555555556, [0.22184300341296928, 0.22450532724505326, 0.24451553930530165, 0.24052788420604512, 0.22243713733075435, 0.2307963354474982, 0.22207267833109015, 0.2591006423982869, 0.23153463451970913, 0.24516419253261354, 0.25234741784037557, 0.20312970207643699, 0.24267782426778239, 0.23268398268398269, 0.2275522755227552, 0.25282072712076892, 0.22592152199762186, 0.22568229531140657, 0.23737591713422529, 0.21647307286166842, 0.23770824867939863, 0.23104985812728007, 0.2372408293460925, 0.23746701846965698, 0.23441524987120044]], [[50, 1, 0.952372674897648], 0.5555555555555556, [0.15671790776602118, 0.19594219010561426, 0.17185821697099893, 0.1771744132535665, 0.18310612135792567, 0.20800993480285626, 0.17444349315068494, 0.17203107658157601, 0.20580474934036941, 0.19202180376610506, 0.18414634146341463, 0.17064846416382254, 0.17904160084254872, 0.18308921438082559, 0.16146890570215908, 0.18675123326286119, 0.18177737881508077, 0.17403251660178615, 0.18554216867469878, 0.19190325972660358, 0.16546622542339889, 0.20495429076968447, 0.18626457171819566, 0.16442887721346564, 0.20399305555555558]], [[61, 0.47990491802444557, 0.12613670881738115], 0.5555555555555556, [0.24830220713073006, 0.24736267733721351, 0.25724785626786439, 0.2449748743718593, 0.26215443279313633, 0.26260059296908089, 0.2574626865671642, 0.25279734769995854, 0.26859504132231404, 0.26005688744412836, 0.24805867126833478, 0.20538038761932309, 0.26452732003469209, 0.26870163370593292, 0.28468767274737428, 0.25989604158336665, 0.25471698113207547, 0.27764365041042977, 0.25651988029072254, 0.26708373435996147, 0.21839841164791532, 0.22308892355694229, 0.27088036117381487, 0.24481327800829872, 0.25429930479326746]], [[100, 0.1, 0.43524244227618064], 0.5555555555555556, [0.21731631597102449, 0.23379174852652257, 0.19046350559403302, 0.20884520884520885, 0.19775452921663692, 0.18403171007927521, 0.22552043176561296, 0.19460697023658102, 0.21816881258941345, 0.1981590386090514, 0.21874030406453615, 0.19659059664558701, 0.18365061590145579, 0.22022022022022023, 0.24078254326561324, 0.22625215889464592, 0.20088703365510044, 0.20534175761056864, 0.19969080133986089, 0.20860927152317882, 0.20698924731182794, 0.20408163265306123, 0.21022258862324816, 0.19696117051209905, 0.18635724331926865]], [[56, 0.8626903632435095, 0.7873971570789526], 0.6666666666666666, [0.47997878546804562, 0.50071326676176897, 0.49533799533799527, 0.48542391013640007, 0.49354375896700142, 0.49100770767913215, 0.48447040084948229, 0.49666110183639395, 0.4808758314855876, 0.4958333333333334, 0.50073206442166907, 0.48276769271244402, 0.48664944013781225, 0.48343657419876107, 0.49328663164039704, 0.50440466041489063, 0.48644115180318703, 0.50179706939452595, 0.4830005396654074, 0.4768392370572207, 0.47320261437908495, 0.4980684326710817, 0.49060254284134874, 0.48903878583473859, 0.48540965207631875]], [[63, 0.5458915783827468, 0.5045419583098644], 0.5555555555555556, [0.19716312056737592, 0.23099308839578031, 0.21677927927927926, 0.24390243902439024, 0.19135364989369244, 0.20289443813847902, 0.2010689742937134, 0.21319934818033681, 0.23126338329764454, 0.23744113029827316, 0.22727272727272727, 0.2113724322715094, 0.21875983632357568, 0.23588039867109634, 0.20145495243424735, 0.21931512120046173, 0.21626297577854675, 0.18874907475943747, 0.20718632280498409, 0.23892267593397046, 0.20204894706886736, 0.17341040462427745, 0.2326440177252585, 0.23809523809523811, 0.18589253883371532]], [[83, 0.8098510160219619, 0.1844736280968114], 0.4444444444444444, [0.2812223206377325, 0.27469879518072288, 0.19145458790567357, 0.27241208519068844, 0.302491103202847, 0.24647887323943662, 0.23345588235294115, 0.26923076923076922, 0.28282304099636735, 0.31034482758620696, 0.26740433379437528, 0.28295605858854861, 0.19056847545219641, 0.24741081703107023, 0.3162650602409639, 0.28629856850715746, 0.23491083676268862, 0.27919962773382967, 0.28492183560262235, 0.24560774471136607, 0.30016224986479179, 0.23900907187718073, 0.29568106312292364, 0.24865591397849465, 0.3174123337363966]], [[51, 0.8521885935278827, 0.489490361114548], 0.5555555555555556, [0.19425019425019427, 0.18298059964726632, 0.22263717322608445, 0.21395655036208033, 0.19513574660633487, 0.19344854268764505, 0.21813809687392652, 0.19838354151359297, 0.21464275213172596, 0.21890403015366774, 0.18506056527590847, 0.21691378363536518, 0.22254651587012039, 0.22490104354084203, 0.18451953031392282, 0.19446522064323113, 0.2297857636489288, 0.21643109540636044, 0.17681523331240845, 0.20222158929080034, 0.21327014218009482, 0.20473041709053916, 0.17976318622174384, 0.21083455344070279, 0.21675833063733416]], [[50, 1, 1], 0.6666666666666666, [0.19577930333079074, 0.23523523523523526, 0.22002820874471085, 0.24884464984002846, 0.21297327394209351, 0.24449877750611246, 0.22035372571759931, 0.21947674418604649, 0.19520547945205477, 0.20642924676961866, 0.24148197155143894, 0.19386503067484662, 0.21746293245469525, 0.20943796394485684, 0.21444382955174326, 0.19372693726937268, 0.21657754010695188, 0.24133663366336633, 0.20808383233532934, 0.24459411556185751, 0.210030549898167, 0.24515618821668644, 0.2260761845772685, 0.23243243243243242, 0.20290211510083619]], [[79.5, 1, 0.6473559418799114], 0.4444444444444444, [0.13949949272911735, 0.16810168101681017, 0.18685276902296261, 0.16006819473385109, 0.1917776757005053, 0.16461684011352887, 0.14630091438071488, 0.16513956957170253, 0.13707466537655216, 0.17900285526026793, 0.19349845201238389, 0.16032662816172077, 0.17154720279720281, 0.15373217262456013, 0.14393695722097136, 0.14930555555555555, 0.19371069182389938, 0.16186711838885753, 0.18577834721332478, 0.14983544084531439, 0.14696223316912974, 0.15576888244883175, 0.20619877049180327, 0.15952425901453651, 0.14629501385041549]], [[100, 0.1, 0.12176094066473216], 0.5555555555555556, [0.23586483773837402, 0.26277013752455797, 0.27462551066727187, 0.23443983402489624, 0.26708918062471709, 0.23063380281690138, 0.25440806045340048, 0.22409992652461425, 0.25480367585630748, 0.23536635284486288, 0.27202072538860106, 0.24686669198632741, 0.27027027027027029, 0.24798387096774191, 0.24711399711399709, 0.25310834813499111, 0.23799919322307381, 0.27961362480935431, 0.22948269155970441, 0.21475409836065576, 0.27484143763213531, 0.2699530516431925, 0.2489048187972919, 0.21748779405237462, 0.26856609061186359]], [[94.4, 0.1, 0.9076429787566423], 0.6666666666666666, [0.49201442555383818, 0.49127516778523483, 0.49321035101204208, 0.48837209302325579, 0.48497963340122197, 0.48830111902339779, 0.49081364829396329, 0.48522669383596539, 0.48021863612701721, 0.48951942740286308, 0.49535603715170279, 0.48659901118917509, 0.48645161290322575, 0.48366349369693856, 0.49136786188579024, 0.48131080389144903, 0.47660745559169382, 0.48999486916367369, 0.48591367278366504, 0.48471387509798797, 0.48416407061266875, 0.48301217038539551, 0.47850026219192449, 0.49124640710739487, 0.49894123875066176]], [[61, 0.47990491802444557, 0.12613670881738115], 0.4444444444444444, [0.25481019240769631, 0.23476297968397292, 0.25591397849462372, 0.22741629816803538, 0.24093620927030746, 0.26429809358752165, 0.26467757459095281, 0.23927685218007799, 0.24921507064364204, 0.27104959630911191, 0.25346534653465347, 0.24079320113314445, 0.24890988372093026, 0.27813299232736571, 0.26683291770573564, 0.27054108216432865, 0.24562071591774562, 0.25396085740913327, 0.24046434494195687, 0.26128868594622012, 0.23809523809523808, 0.2662721893491124, 0.24531668153434433, 0.2852998065764023, 0.26861451460885954]], [[57.7, 0.6359334426171119, 0.4216348237438132], 0.4444444444444444, [0.2131248083409997, 0.20902090209020902, 0.23631029986962188, 0.23933855526544823, 0.20839448194892865, 0.20946915351506457, 0.21702367531003383, 0.24900398406374499, 0.22471910112359544, 0.2180275095112672, 0.2473704713673549, 0.23018743834265043, 0.23844731977818853, 0.23890142964635061, 0.19339045287637699, 0.20491803278688525, 0.25008805917576615, 0.22978866152297886, 0.24662038728534888, 0.21726010863005429, 0.23935091277890463, 0.23288637967537049, 0.22650056625141562, 0.23761169780666122, 0.21001390820584145]]]}}
{'rpg': {7: [[86, 0.3058859991434074, 0.95074362599853], [0.7777777777777778, [0.42140468227424749, 0.43898263634140372, 0.42896362388469456, 0.43220906857270497, 0.42825848849945231, 0.42997262773722628, 0.42869935079471688, 0.43920480813684692, 0.43493718890732391, 0.42091559991321326, 0.4409584980237154, 0.42480790340285407, 0.4301319981793354, 0.4327030033370412, 0.42635658914728686, 0.43378471425292631, 0.44342137145626365, 0.42202227934875741, 0.43429594806357741, 0.42175239755884919, 0.42123361272297438, 0.43734421028778608, 0.43152396093572565, 0.42616334283000956, 0.4334793636154024]]]}}

Total Runtime: --- 78713.601969 seconds ---


------------------------------------------------------------
Sender: LSF System <lsfadmin@n3l4-5>
Subject: Job 565028: </share2/aagrawa8/miniconda2/bin/python2.7 DE_topics.py _topics rpg> Done

Job </share2/aagrawa8/miniconda2/bin/python2.7 DE_topics.py _topics rpg> was submitted from host <login01.hpc.ncsu.edu> by user <aagrawa8> in cluster <henry2>.
Job was executed on host(s) <8*n3l4-5>, in queue <shared_memory>, as user <aagrawa8> in cluster <henry2>.
</home/aagrawa8> was used as the home directory.
</home/aagrawa8/topics_de> was used as the working directory.
Started at Thu Oct 20 14:25:49 2016
Results reported at Fri Oct 21 12:17:44 2016

Your job looked like:

------------------------------------------------------------
# LSBATCH: User input
/share2/aagrawa8/miniconda2/bin/python2.7 DE_topics.py _topics rpg
------------------------------------------------------------

Successfully completed.

Resource usage summary:

    CPU time   :  78776.10 sec.
    Max Memory :       227 MB
    Max Swap   :       778 MB

    Max Processes  :         3
    Max Threads    :         4

The output (if any) is above this job summary.



PS:

Read file <./err/rpg.err.565028> for stderr output of this job.

