0.697399527187
0.808403361345
0.787103746398
0.801774138519
0.763463892289
0.54142919772
0.860529027825
0.72330262709
0.777813712807
0.803144224197
0.686813186813
0.870077415012
0.789663895916
0.8352402746
0.85418038183
0.626278118609
0.858018386108
0.74080323996
0.852739726027
0.750454821104
0.715426381348
0.729972162079
0.78231292517
0.885183911997
0.727871250914
0.834147930922
0.862831858407
0.716472749541
0.824156916724
0.735769728331
0.656840297653
0.872369314325
0.778939776415
0.877163216831
0.738235294118
0.741863433312
0.856945404285
0.753887762001
0.829326923077
0.80444735121
[81.7, 0.22674395810524609, 1] -> [0.7777777777777778, [0.84257975034674071, 0.80457746478873238, 0.83189207886544436, 0.8198136002761478, 0.8401639344262295, 0.83390646492434672, 0.82490408092082312, 0.84641638225255977, 0.81510232886379663, 0.81749049429657805, 0.82986111111111116, 0.84362139917695467, 0.82291666666666663, 0.82470669427191179, 0.81895033462486799, 0.83763329893360849, 0.84252239834596832, 0.81081081081081074, 0.82932692307692324, 0.83131697200138255, 0.82957306490801797, 0.82752613240418127, 0.8241188666205943, 0.81399376515413924, 0.83852005532503449]]
{'scifi': {7: [0.7777777777777778, [0.84257975034674071, 0.80457746478873238, 0.83189207886544436, 0.8198136002761478, 0.8401639344262295, 0.83390646492434672, 0.82490408092082312, 0.84641638225255977, 0.81510232886379663, 0.81749049429657805, 0.82986111111111116, 0.84362139917695467, 0.82291666666666663, 0.82470669427191179, 0.81895033462486799, 0.83763329893360849, 0.84252239834596832, 0.81081081081081074, 0.82932692307692324, 0.83131697200138255, 0.82957306490801797, 0.82752613240418127, 0.8241188666205943, 0.81399376515413924, 0.83852005532503449]]}}
{'scifi': {7: [[[56, 0.8626903632435095, 0.7873971570789526], 0.5555555555555556, [0.71053444547420452, 0.70394935182393736, 0.69794721407624638, 0.68850470124355478, 0.69739952718676124, 0.69029275808936819, 0.70784069695084006, 0.69057498518079441, 0.70005945303210471, 0.71450335161486911, 0.70951320394527528, 0.69523524123464198, 0.67975388221506006, 0.69136172765446924, 0.70611866501854148, 0.69907407407407407, 0.68799298860648561, 0.69118955799466031, 0.69675855801272335, 0.70389851485148514, 0.69406805179162911, 0.69040247678018574, 0.68430387230268985, 0.70424641148325351, 0.70803140096618367]], [[63, 0.5458915783827468, 0.5045419583098644], 0.5555555555555556, [0.8077709611451942, 0.79670329670329676, 0.79397672826830945, 0.79836065573770498, 0.81919945725915877, 0.80013280212483395, 0.80899630748573359, 0.79541507467870787, 0.80869860686374451, 0.80901856763925728, 0.81044421837911151, 0.79700272479564027, 0.80840336134453783, 0.79910251984811875, 0.82037710883228576, 0.80242861831309498, 0.80963532954165285, 0.79182411542425291, 0.80902306648575295, 0.81407205982324948, 0.79847277556440899, 0.81112591605596274, 0.80989495086411367, 0.79403606102635216, 0.81538461538461526]], [[83, 0.8098510160219619, 0.1844736280968114], 0.5555555555555556, [0.78900071890726087, 0.7801291248206601, 0.79013678905687557, 0.79098067287043672, 0.78445483987045705, 0.8017179670722977, 0.78209277238403452, 0.78231292517006812, 0.78068916008614508, 0.7981220657276995, 0.78623188405797095, 0.77833572453371602, 0.80800858062209524, 0.78909612625538017, 0.77933765298776081, 0.80639431616341029, 0.77548806941431681, 0.78710374639769443, 0.78833693304535635, 0.79136690647482011, 0.77203204661325553, 0.80268741159830259, 0.78029485796476106, 0.77282530553558582, 0.78947368421052633]], [[51, 0.8521885935278827, 0.489490361114548], 0.5555555555555556, [0.78343313373253487, 0.80033557046979864, 0.80086580086580084, 0.805904309467255, 0.8070532383858936, 0.80579216354344119, 0.78167574931880102, 0.8017741385192767, 0.80704085021587513, 0.80491803278688523, 0.81445702864756842, 0.79354173823428387, 0.81192358366271422, 0.79348931841302139, 0.80634278002699045, 0.79432866416125725, 0.80212131256214791, 0.8010118043844856, 0.80381471389645776, 0.79575596816976135, 0.78472222222222221, 0.79148653142667114, 0.79064207650273222, 0.809238949817215, 0.80767957629923859]], [[88, 0.10189544801599963, 0.5008484746493213], 0.5555555555555556, [0.76946379884883376, 0.75835866261398177, 0.7679440389294403, 0.76346389228886169, 0.75402858011553653, 0.74788902291917969, 0.77142857142857146, 0.75570635410240583, 0.76681614349775784, 0.76472402096823922, 0.76450721522873821, 0.7663240628778718, 0.76577924020341015, 0.76133578431372551, 0.75377643504531722, 0.75968523002421307, 0.76306413301662712, 0.75909090909090893, 0.76830006049606769, 0.76019777503090236, 0.74841245842152992, 0.76549210206561358, 0.7612300271329514, 0.76435045317220551, 0.76840490797546013]], [[86, 0.3058859991434074, 0.95074362599853], 0.6666666666666666, [0.54850912327547841, 0.53015458306118013, 0.54840193147850069, 0.55659276546091008, 0.54118447923757662, 0.54748732134624256, 0.53727333781061115, 0.53330333033303323, 0.5494505494505495, 0.54142919772029818, 0.54382379654859225, 0.54086803260630101, 0.54001301236174371, 0.54553860379103103, 0.53969359331476319, 0.55116331601536028, 0.54495912806539515, 0.53242320819112632, 0.54635380722337246, 0.52847282139775675, 0.54011653966831019, 0.55101564324071917, 0.52896174863387979, 0.55027173913043481, 0.54093241133169756]], [[95, 0.1275309847301982, 0.12290127489411473], 0.6666666666666666, [0.85512732278045422, 0.86788001348163113, 0.85004932587964477, 0.85982905982905988, 0.855997210599721, 0.86218487394957977, 0.86845683208701563, 0.86113002042205578, 0.85636301603548259, 0.85724043715846998, 0.85106382978723394, 0.86637047163362946, 0.86135895676046659, 0.855917667238422, 0.8648377383740381, 0.85841313269493846, 0.86515714768502872, 0.85999312005503958, 0.87207329487614527, 0.86052902782548968, 0.86288416075650121, 0.85709378220542765, 0.85862068965517235, 0.86986068637444791, 0.87023160762942786]], [[77, 0.9452342465006595, 0.4430838139193912], 0.5555555555555556, [0.7214532871972319, 0.7060669456066947, 0.71575695159629238, 0.7225828493337888, 0.74129852744310565, 0.73145953267863184, 0.71818491982258603, 0.71155184411969374, 0.7233676975945017, 0.72887811634349031, 0.72330262708973048, 0.73095401509951952, 0.72652501713502393, 0.72235535775419368, 0.71673525377229075, 0.73712554695388766, 0.72436338609772877, 0.72285029119561484, 0.72370645924923904, 0.69841269841269837, 0.72561185798000694, 0.72463768115942018, 0.72441217150760717, 0.7225433526011561, 0.71999999999999986]], [[61, 0.47990491802444557, 0.12613670881738115], 0.5555555555555556, [0.77716865527249268, 0.78655248969235658, 0.78129952456418383, 0.77940707682499211, 0.77759999999999996, 0.77983088005010959, 0.77781371280724454, 0.77947385514777523, 0.77047066408768528, 0.77638755213346167, 0.78060413354530989, 0.78100593564511078, 0.7787810383747179, 0.77660594439117936, 0.77110389610389618, 0.78184110970996223, 0.77676034101673508, 0.77153676238561053, 0.76935279187817252, 0.77623303541873567, 0.76375711574952554, 0.78665827564505963, 0.77034416211000312, 0.78044041450777202, 0.78897035384124958]], [[61, 0.4940988342855148, 0.5462310172436656], 0.5555555555555556, [0.79973342219260246, 0.8057505850885992, 0.79121645172533983, 0.8009950248756218, 0.81117021276595747, 0.80087306917394208, 0.80377858800132596, 0.80314422419685561, 0.8035415970598061, 0.8065051443743777, 0.79953841081437516, 0.80093054170820877, 0.80108621860149365, 0.80026899798251527, 0.80628972900635676, 0.80821464060947334, 0.80564784053156147, 0.80039525691699587, 0.81296673455532942, 0.79241449373518447, 0.80775716694772348, 0.80532445923460905, 0.79712566844919774, 0.79724739845585768, 0.80360065466448427]], [[56, 0.8626903632435095, 0.7873971570789526], 0.5555555555555556, [0.6953937592867756, 0.69041986989946769, 0.67908148977877336, 0.68055148137283661, 0.68343195266272183, 0.68323905924382244, 0.67784862766842247, 0.68872180451127818, 0.69078947368421062, 0.68812758417011222, 0.68980540226546616, 0.6832657788071802, 0.69022556390977452, 0.68766252528171046, 0.68289786223277915, 0.68879789412108805, 0.68641412702933635, 0.68633177570093462, 0.68276684555754319, 0.68681318681318693, 0.69161327897495617, 0.68519057317427989, 0.68730020342923559, 0.69395017793594305, 0.68571428571428561]], [[100, 0.1, 0.12031583633173455], 0.5555555555555556, [0.86761147597649502, 0.85674644467568495, 0.87915818058384243, 0.86438923395445133, 0.87043856712420498, 0.8700774150117806, 0.87934560327198363, 0.8688127379716164, 0.86701208981001732, 0.86512261580381467, 0.87175043327556312, 0.87588772404463988, 0.87306917394224304, 0.86075510910980269, 0.8731241473396999, 0.87559972583961621, 0.87575351640991295, 0.85913043478260864, 0.86183074265975834, 0.87641218760698392, 0.86793737236215107, 0.88570441988950277, 0.85768305259539346, 0.87347354138398914, 0.86846543001686338]], [[83, 0.8098510160219619, 0.1844736280968114], 0.5555555555555556, [0.78170028818443804, 0.77526450200656705, 0.79756795422031468, 0.79382183908045989, 0.79746835443037967, 0.78555878084179975, 0.81000699790062991, 0.80129356809198704, 0.78108010148604579, 0.76502732240437166, 0.80414581844174393, 0.78289235230155851, 0.79533213644524237, 0.7910823444804026, 0.7896638959161546, 0.78833693304535635, 0.78527384838592684, 0.78434908041831963, 0.7971274685816877, 0.78566256335988416, 0.79089924160346692, 0.78814172089660162, 0.79052098408104199, 0.79691977077363907, 0.78937861271676302]], [[79.6, 0.1, 0.1], 0.5555555555555556, [0.84212261041529335, 0.84153543307086598, 0.83440929632020666, 0.84196891191709855, 0.83197655486812105, 0.83711875405580805, 0.83333333333333337, 0.8327994875080077, 0.83905789990186463, 0.84196891191709844, 0.82594417077175697, 0.84313725490196079, 0.83896940418679555, 0.84593116757799935, 0.83030102547138596, 0.84253246753246747, 0.83524027459954231, 0.8414554905782976, 0.8327911515940144, 0.83360628889616761, 0.8338751625487647, 0.83468395461912492, 0.84147135416666674, 0.82775119617224879, 0.8349834983498351]], [[88, 0.10189544801599963, 0.5008484746493213], 0.5555555555555556, [0.8569545154911008, 0.84697627798195785, 0.86007277538868665, 0.84633649932157395, 0.85519760876785123, 0.85148514851485146, 0.855855855855856, 0.85804731756081309, 0.85014885874958657, 0.85152838427947597, 0.85031740728366179, 0.84944048830111896, 0.85570469798657722, 0.84840512989148298, 0.85770621097601041, 0.85502471169686989, 0.85418038183015144, 0.86299529885829429, 0.84592145015105746, 0.85095669687814701, 0.85377821393523068, 0.85814653730344592, 0.85570469798657722, 0.85848423876592905, 0.84228187919463082]], [[50, 0.48811086010274185, 0.7455612985215574], 0.4444444444444444, [0.62279374684820976, 0.62099050551706436, 0.63206024744486278, 0.63554987212276215, 0.61840120663650078, 0.63429913860610809, 0.62645914396887148, 0.63698450223272918, 0.62018489984591674, 0.61717576364546822, 0.63443708609271521, 0.62721743537759755, 0.63216892596454632, 0.6201159566422989, 0.62127107652399471, 0.62234971314542276, 0.6233866804336603, 0.63770794824399268, 0.63113061435209095, 0.61401305876444001, 0.62083973374295953, 0.61563436563436558, 0.62787136294027568, 0.62627811860940696, 0.63057324840764339]], [[95, 0.1275309847301982, 0.12290127489411473], 0.5555555555555556, [0.85113597829772802, 0.8521174863387978, 0.85934819897084058, 0.86094977792962069, 0.86302317537184359, 0.85956416464891028, 0.85767663043478271, 0.84818368745716244, 0.85248713550600341, 0.86390126842646553, 0.85811965811965807, 0.84372834372834382, 0.86525307797537632, 0.86495726495726488, 0.85239085239085255, 0.85091663784157734, 0.86383852206637024, 0.8557162534435262, 0.86365181910914657, 0.85478887744593202, 0.85926928281461434, 0.85370111731843568, 0.86212795073554571, 0.84879243962198092, 0.85801838610827363]], [[77, 0.9452342465006595, 0.4430838139193912], 0.5555555555555556, [0.74543610547667349, 0.75835037491479196, 0.74777549623545514, 0.7378151260504201, 0.73633009057363308, 0.73400673400673411, 0.72409059711736434, 0.73728813559322026, 0.75084175084175098, 0.75812873258128732, 0.74080323995950037, 0.75917962289116769, 0.72973901098901084, 0.73054706082229015, 0.74080323995950059, 0.74949358541526012, 0.74681848626925662, 0.73220338983050848, 0.74764784946236562, 0.74500507958008799, 0.76273990734612829, 0.73583640630238023, 0.74823053589484334, 0.7342778161713891, 0.72970195272353544]], [[61, 0.47990491802444557, 0.12613670881738115], 0.5555555555555556, [0.85273972602739734, 0.85227272727272718, 0.85298196948682381, 0.85993820803295562, 0.85506264815441924, 0.84115397984011109, 0.8674496644295302, 0.85365853658536583, 0.83417423477968389, 0.84996673320026606, 0.85365853658536583, 0.85934819897084047, 0.85839810746873946, 0.84256055363321791, 0.85233072473630489, 0.84548611111111105, 0.85914085914085903, 0.84110592938041306, 0.84681583476764188, 0.85891686788547783, 0.84458290065766717, 0.85796805980292212, 0.83305113443955303, 0.86276488395560036, 0.8511371467953136]], [[61, 0.4940988342855148, 0.5462310172436656], 0.6666666666666666, [0.74402939375382726, 0.73806717737183258, 0.75045482110369921, 0.75714285714285712, 0.75273722627737216, 0.74201254105703207, 0.75771604938271597, 0.74085365853658536, 0.73627650304966596, 0.75189155107187888, 0.7411944869831546, 0.76266015863331305, 0.74272133095662496, 0.74270959902794664, 0.74814126394052038, 0.7429281939695368, 0.75067425831585244, 0.74560049397962325, 0.75683143997543745, 0.757020757020757, 0.75874883864973686, 0.75116640746500785, 0.75576036866359442, 0.73894609327680194, 0.7533212560386473]], [[56, 0.8626903632435095, 0.7873971570789526], 0.5555555555555556, [0.71517027863777094, 0.72326080294207784, 0.7208346506481188, 0.71251164234709707, 0.71541377132027795, 0.723114956736712, 0.71405852417302795, 0.71757129714811418, 0.71542638134781211, 0.71675573718956298, 0.71450428396572829, 0.71178343949044587, 0.72654812998160634, 0.71588725176169121, 0.72680568147476576, 0.7142857142857143, 0.72413793103448265, 0.71069971760276118, 0.71272613849033062, 0.7167887862376553, 0.74028377544725477, 0.71292170591979631, 0.72070722205573856, 0.70195075151902786, 0.71294851794071756]], [[50, 1, 0.7721686015550253], 0.5555555555555556, [0.7284256108877204, 0.72919912745403537, 0.72834645669291331, 0.72374645222327338, 0.73009529664924677, 0.72913434688178735, 0.7334553217444344, 0.72090792838874684, 0.74167987321711559, 0.72364411943936635, 0.73292525773195882, 0.72535647861128338, 0.72588198563846384, 0.73970037453183513, 0.7315936626281454, 0.73356621149571288, 0.72997216207856486, 0.73646986469864684, 0.73566084788029928, 0.71406298721546613, 0.73088685015290522, 0.73502161828289081, 0.73008849557522126, 0.72744302216671863, 0.71584189231248063]], [[83, 0.8098510160219619, 0.1844736280968114], 0.4444444444444444, [0.78231292517006823, 0.77980014275517495, 0.76283441793203177, 0.77520780628839903, 0.78259312320916907, 0.78512396694214881, 0.77117117117117118, 0.78231292517006812, 0.76687116564417168, 0.78304597701149425, 0.78891257995735609, 0.78673835125448022, 0.76699382042893494, 0.76756756756756772, 0.78231292517006812, 0.78304597701149437, 0.80433238636363635, 0.77645359335500175, 0.78371592539454804, 0.75953923686105118, 0.77338129496402874, 0.79171094580233792, 0.78909612625538017, 0.76283441793203177, 0.76978677267799056]], [[79.6, 0.1, 0.1], 0.5555555555555556, [0.8828610919143054, 0.87137620793068982, 0.87646652864044172, 0.88854382332643211, 0.89013224821973547, 0.88786639400136347, 0.88174630457201775, 0.89249146757679176, 0.88570441988950277, 0.88205128205128225, 0.88083791208791218, 0.89089089089089091, 0.88174630457201775, 0.87788892721628153, 0.88255494505494503, 0.88518391199724999, 0.89371155160628835, 0.88701343437822944, 0.88144329896907225, 0.88616223585548748, 0.88991769547325084, 0.88064295485636113, 0.88557725248372732, 0.88406292749658011, 0.89464594127806574]], [[87.78, 0.9645059358117982, 0.4591147063452715], 0.5555555555555556, [0.73481265914878124, 0.73577383109822403, 0.71349760941522633, 0.73865698729582585, 0.74020319303338167, 0.72447859495060374, 0.74845958680681401, 0.72104879825200296, 0.69429097605893186, 0.74114640379700625, 0.71034228928965759, 0.71586715867158668, 0.72450476889214976, 0.72344322344322343, 0.75153929735603053, 0.71796759941089827, 0.73294629898403485, 0.72787125091441107, 0.70688378978534416, 0.73299381593306667, 0.72030791788856308, 0.7465654374548083, 0.73422770123277736, 0.68393589265747301, 0.73993471164309033]], [[100, 0.1, 0.4695656160432632], 0.6666666666666666, [0.83579638752052543, 0.82297120418848158, 0.84143968871595332, 0.82847896440129432, 0.84142394822006461, 0.8276643990929704, 0.82923631596197966, 0.84044648719632309, 0.83688874302592697, 0.83442194644023515, 0.8325074331020812, 0.84174535981764909, 0.8248938255472068, 0.82842174197773411, 0.83037729764592083, 0.82712852055681441, 0.83632799738647512, 0.83414793092212425, 0.83655705996131524, 0.84189592310241956, 0.84137709137709149, 0.83089430894308947, 0.83602324080051627, 0.81841848356654723, 0.82720588235294112]], [[95, 0.1275309847301982, 0.12290127489411473], 0.5555555555555556, [0.86283185840707965, 0.86062834224598939, 0.85808011049723754, 0.8703830369357044, 0.86521889003791796, 0.85577906580293206, 0.85842852197992403, 0.86771224002727576, 0.87126358695652162, 0.86122733612273361, 0.86934331405239884, 0.86703221384509943, 0.84959623149394337, 0.86739951906561308, 0.86212914485165792, 0.86868686868686862, 0.85084395452979666, 0.85553278688524592, 0.87707416186928555, 0.85391304347826069, 0.85533081933493316, 0.86691500169319335, 0.87173314993122419, 0.8592415442432525, 0.86971586971586967]], [[88.9, 0.44833853528528617, 0.39817335968383744], 0.5555555555555556, [0.7164727495407226, 0.71776155717761558, 0.71031500926497837, 0.69957601453664453, 0.72477350827866305, 0.70945945945945943, 0.70770647835431377, 0.71683521713265907, 0.7138461538461538, 0.71806030463164439, 0.72004780400358515, 0.71860816944024208, 0.71472581638940236, 0.7151918807484936, 0.684766214177979, 0.72514442079659469, 0.71844362745098034, 0.69946557686262167, 0.72025052192066796, 0.71120024683739591, 0.71118012422360244, 0.70159313725490191, 0.71664663461538458, 0.72305802886091497, 0.71944611679711012]], [[81.7, 0.22674395810524609, 1], 0.6666666666666666, [0.82718120805369111, 0.82377476538060479, 0.819729072594651, 0.83219877467665082, 0.81955922865013764, 0.81108829568788499, 0.82415691672401925, 0.83304706286499475, 0.84013605442176875, 0.82006920415224915, 0.82901554404145072, 0.82742316784869974, 0.82046000686577403, 0.82874828060522687, 0.81463583016914054, 0.83333333333333326, 0.82447720260541657, 0.83964211975223668, 0.81699346405228757, 0.81343025268258906, 0.82184700206753947, 0.82797155435150704, 0.82421340629274964, 0.82352941176470573, 0.82385384350224056]], [[60.2, 0.7679221019084211, 0.6063700270031468], 0.5555555555555556, [0.74394463667820065, 0.72812499999999991, 0.72532324187953334, 0.73318457124641379, 0.74936224489795911, 0.72183098591549288, 0.73631214600377592, 0.74447949526813884, 0.72452477407291993, 0.74554294975688828, 0.73208722741433019, 0.74311639549436792, 0.74674292977438828, 0.73576972833117726, 0.73012353500158378, 0.73407643312101911, 0.7379134860050891, 0.7374392220421393, 0.73372966207759693, 0.73552183338494881, 0.73910296904611483, 0.73384272524673677, 0.72606214331008245, 0.73640960809102396, 0.74137931034482751]], [[56, 0.8626903632435095, 0.7873971570789526], 0.5555555555555556, [0.65329512893982788, 0.65146579804560245, 0.65508402164625479, 0.66142857142857148, 0.65337423312883447, 0.65789473684210531, 0.64741907261592313, 0.66015393724097104, 0.65621370499419285, 0.66577698695136411, 0.65047459519821327, 0.64872021182700779, 0.65684029765311946, 0.65450643776824036, 0.6477438136826783, 0.65800865800865793, 0.65809153454980562, 0.65762613006707493, 0.65085334104715076, 0.65897136177673876, 0.64095127610208824, 0.65943992773261051, 0.65953138559444613, 0.6637806637806638, 0.65980278422273786]], [[100, 0.1, 0.12031583633173455], 0.5555555555555556, [0.88024564994882293, 0.87052062204192027, 0.86604683195592291, 0.87567750677506784, 0.86472602739726034, 0.86388323150033941, 0.88315217391304346, 0.87236931432450782, 0.87268993839835729, 0.87749483826565711, 0.86650652024708308, 0.87805706521739124, 0.87632388110693549, 0.87677725118483418, 0.86093857832988274, 0.86993530813755515, 0.87081501521812632, 0.87096774193548376, 0.86377603277569137, 0.87577426015141091, 0.87491455912508542, 0.87388622344071276, 0.87554511908755461, 0.86793737236215107, 0.86419753086419759]], [[83, 0.8098510160219619, 0.1844736280968114], 0.5555555555555556, [0.76602680188337546, 0.78748651564185546, 0.79172610556348078, 0.79936192839418652, 0.76517629952744459, 0.79679144385026723, 0.78692058929213071, 0.77480086893555389, 0.77353047241254957, 0.7635110627493652, 0.7710364752618275, 0.79279279279279269, 0.77978339350180503, 0.78881319469343847, 0.76923076923076938, 0.77893977641543455, 0.77517985611510798, 0.77978339350180503, 0.77633007600434312, 0.78645646721605167, 0.77705156136528686, 0.79455977093772368, 0.77833572453371602, 0.77741702741702734, 0.77905721482547685]], [[88.0, 0.1, 0.1], 0.5555555555555556, [0.87478260869565216, 0.87716321683067522, 0.8726578764746703, 0.87392055267702951, 0.87940566689702837, 0.8793882516510253, 0.87595024187975135, 0.87239137872049255, 0.88346510828463409, 0.87767795438838991, 0.86618257261410792, 0.87961365988271822, 0.86828422876949751, 0.87891296869625046, 0.88285519125683043, 0.87819185645272613, 0.88011088011088012, 0.87068965517241381, 0.87366975626501875, 0.87461032213370282, 0.87870434183321855, 0.88175331294597348, 0.88019559902200473, 0.87348353552859614, 0.87491455912508542]], [[88, 0.10189544801599963, 0.5008484746493213], 0.5555555555555556, [0.73333333333333339, 0.74977416440831091, 0.73668639053254426, 0.73816568047337283, 0.72627314814814814, 0.73430656934306571, 0.74225599064874348, 0.7450922070196313, 0.74238391008577342, 0.73581041544763015, 0.73595004460303304, 0.74355971896955508, 0.74513381995133821, 0.73946818046011342, 0.7351676698194326, 0.73486184597295701, 0.7382352941176471, 0.73958333333333337, 0.73777648428405118, 0.74427480916030531, 0.74157641395908558, 0.73963614673426781, 0.74393452206957034, 0.73346809125036094, 0.73399882560187912]], [[97.1, 0.447770485320759, 0.7467698275972021], 0.6666666666666666, [0.73881537492123495, 0.74913440352533844, 0.74015247776365933, 0.7339302846178446, 0.73665707893895815, 0.73320413436692511, 0.74292077632834863, 0.75076452599388388, 0.73659305993690849, 0.74461343472750308, 0.74258970358814347, 0.74754513778904019, 0.73576972833117715, 0.7348748812163447, 0.74576812519961655, 0.73650793650793656, 0.73201782304264795, 0.7456828885400314, 0.74640849469081827, 0.74894171279713451, 0.74186343331206117, 0.73642172523961669, 0.72952620018826464, 0.74676349857909696, 0.75131946600434663]], [[95, 0.1275309847301982, 0.12290127489411473], 0.5555555555555556, [0.86646279306829754, 0.84998306806637325, 0.87061252580867188, 0.86177180282661137, 0.84847446006170735, 0.85030549898166996, 0.85106382978723394, 0.85280781304499476, 0.85188933873144401, 0.86172676149520333, 0.86088154269972439, 0.85763293310463107, 0.85818307905686553, 0.86722689075630255, 0.85299145299145296, 0.85167626142905517, 0.85669781931464173, 0.85694540428472721, 0.8574345015311331, 0.86653047327204624, 0.84839357429718887, 0.86505778382053022, 0.85353185595567871, 0.8512110726643598, 0.8630648997621474]], [[77, 0.9452342465006595, 0.4430838139193912], 0.5555555555555556, [0.75392845202273484, 0.75579442391669471, 0.73723368278660806, 0.7538877620013521, 0.74737910043963496, 0.73892458572877906, 0.74966532797858088, 0.76539101497504181, 0.76131687242798363, 0.74004763525008499, 0.74789915966386555, 0.76285520974289578, 0.74716592236344903, 0.74532085561497319, 0.7674495534237511, 0.74282786885245911, 0.74547935858068914, 0.75919732441471577, 0.76155636847356167, 0.75742240215924417, 0.7580372250423012, 0.74639382757463946, 0.7605013550135501, 0.75940860215053774, 0.74704890387858336]], [[81.7, 0.22674395810524609, 1], 0.7777777777777778, [0.84257975034674071, 0.80457746478873238, 0.83189207886544436, 0.8198136002761478, 0.8401639344262295, 0.83390646492434672, 0.82490408092082312, 0.84641638225255977, 0.81510232886379663, 0.81749049429657805, 0.82986111111111116, 0.84362139917695467, 0.82291666666666663, 0.82470669427191179, 0.81895033462486799, 0.83763329893360849, 0.84252239834596832, 0.81081081081081074, 0.82932692307692324, 0.83131697200138255, 0.82957306490801797, 0.82752613240418127, 0.8241188666205943, 0.81399376515413924, 0.83852005532503449]], [[61, 0.4940988342855148, 0.5462310172436656], 0.5555555555555556, [0.80461692873870871, 0.79942326177507217, 0.79560367454068248, 0.7977490897053956, 0.80392156862745101, 0.80730023018743835, 0.80952380952380953, 0.81072026800670027, 0.80100334448160537, 0.80457863304578614, 0.80677624958067784, 0.80686973428386266, 0.80433355219960601, 0.81270903010033435, 0.7891156462585035, 0.79767827529021562, 0.80444735120994104, 0.80053817692566431, 0.80135823429541597, 0.81342801807617815, 0.80412708811005562, 0.81345261762756771, 0.80709979906229079, 0.79797979797979812, 0.80634500991407787]]]}}
{'scifi': {7: [[81.7, 0.22674395810524609, 1], [0.7777777777777778, [0.84257975034674071, 0.80457746478873238, 0.83189207886544436, 0.8198136002761478, 0.8401639344262295, 0.83390646492434672, 0.82490408092082312, 0.84641638225255977, 0.81510232886379663, 0.81749049429657805, 0.82986111111111116, 0.84362139917695467, 0.82291666666666663, 0.82470669427191179, 0.81895033462486799, 0.83763329893360849, 0.84252239834596832, 0.81081081081081074, 0.82932692307692324, 0.83131697200138255, 0.82957306490801797, 0.82752613240418127, 0.8241188666205943, 0.81399376515413924, 0.83852005532503449]]]}}

Total Runtime: --- 124790.344679 seconds ---


------------------------------------------------------------
Sender: LSF System <lsfadmin@n3l4-3>
Subject: Job 565029: </share2/aagrawa8/miniconda2/bin/python2.7 DE_topics.py _topics scifi> Done

Job </share2/aagrawa8/miniconda2/bin/python2.7 DE_topics.py _topics scifi> was submitted from host <login01.hpc.ncsu.edu> by user <aagrawa8> in cluster <henry2>.
Job was executed on host(s) <8*n3l4-3>, in queue <shared_memory>, as user <aagrawa8> in cluster <henry2>.
</home/aagrawa8> was used as the home directory.
</home/aagrawa8/topics_de> was used as the working directory.
Started at Thu Oct 20 14:25:49 2016
Results reported at Sat Oct 22 01:05:41 2016

Your job looked like:

------------------------------------------------------------
# LSBATCH: User input
/share2/aagrawa8/miniconda2/bin/python2.7 DE_topics.py _topics scifi
------------------------------------------------------------

Successfully completed.

Resource usage summary:

    CPU time   : 124896.18 sec.
    Max Memory :       301 MB
    Max Swap   :       850 MB

    Max Processes  :         3
    Max Threads    :         4

The output (if any) is above this job summary.



PS:

Read file <./err/scifi.err.565029> for stderr output of this job.

