0.802521008403
0.845709570957
0.757446808511
0.81589958159
0.924739791833
0.883306320908
0.890522875817
0.726495726496
0.887162714636
0.858208955224
0.835421888053
0.831244778613
0.736932305056
0.819397993311
0.925480769231
0.867430441899
0.897332255457
0.85737840066
0.875822368421
0.855263157895
0.806722689076
0.852745424293
0.909090909091
0.827787021631
0.925480769231
0.882352941176
0.893148450245
0.847665847666
0.876835236542
0.847176079734
0.815986677769
0.83607907743
0.902777777778
0.820833333333
0.927583401139
0.874384236453
0.897540983607
0.839536807279
0.894607843137
0.87327376117
[88, 0.10189544801599963, 0.5008484746493213] -> [0.7777777777777778, [0.93750000000000011, 0.92562651576394506, 0.94150641025641046, 0.92712550607287447, 0.91894060995184601, 0.932746196957566, 0.91828478964401294, 0.93900481540930969, 0.94301765650080249, 0.9241323648103309, 0.93145161290322576, 0.92758340113913762, 0.92369477911646569, 0.93525179856115104, 0.93924860111910469, 0.93042071197410992, 0.93446601941747576, 0.9257781324820431, 0.92283214001591107, 0.92457420924574207, 0.93424218123496394, 0.9269662921348315, 0.91885441527446299, 0.92532467532467555, 0.93775262732417153]]
{'SE0': {7: [0.7777777777777778, [0.93750000000000011, 0.92562651576394506, 0.94150641025641046, 0.92712550607287447, 0.91894060995184601, 0.932746196957566, 0.91828478964401294, 0.93900481540930969, 0.94301765650080249, 0.9241323648103309, 0.93145161290322576, 0.92758340113913762, 0.92369477911646569, 0.93525179856115104, 0.93924860111910469, 0.93042071197410992, 0.93446601941747576, 0.9257781324820431, 0.92283214001591107, 0.92457420924574207, 0.93424218123496394, 0.9269662921348315, 0.91885441527446299, 0.92532467532467555, 0.93775262732417153]]}}
{'SE0': {7: [[[56, 0.8626903632435095, 0.7873971570789526], 0.6666666666666666, [0.82294264339152123, 0.79545454545454553, 0.8011744966442953, 0.80469404861693217, 0.80252100840336138, 0.79345088161209076, 0.83678541839270915, 0.78257191201353637, 0.79764903442485302, 0.80252100840336138, 0.78439597315436249, 0.81795302013422821, 0.81092436974789917, 0.82500000000000007, 0.79411764705882348, 0.82089552238805952, 0.79545454545454553, 0.75615972812234489, 0.81521739130434789, 0.81726739312657171, 0.81734778982485412, 0.78836424957841489, 0.82362728785357731, 0.80672268907563027, 0.78414839797639124]], [[63, 0.5458915783827468, 0.5045419583098644], 0.5555555555555556, [0.84501236603462493, 0.84297520661157033, 0.85456039441248977, 0.83680266444629481, 0.86956521739130443, 0.84297520661157022, 0.83609271523178796, 0.81863979848866497, 0.86546349466776051, 0.88952071486596263, 0.88116410670978174, 0.85194375516956167, 0.83194675540765395, 0.83609271523178796, 0.85123966942148754, 0.86672117743254296, 0.87204563977180116, 0.83956774729842065, 0.84219133278822567, 0.830550918196995, 0.80604534005037776, 0.88330632090761763, 0.85385878489326772, 0.84570957095709565, 0.8505367464905037]], [[83, 0.8098510160219619, 0.1844736280968114], 0.5555555555555556, [0.78151260504201681, 0.77086882453151617, 0.7099567099567099, 0.76068376068376065, 0.77021276595744681, 0.75744680851063839, 0.71982758620689646, 0.742489270386266, 0.77674023769100176, 0.7577054794520548, 0.75213675213675213, 0.74850299401197606, 0.73149741824440617, 0.75511945392491475, 0.7731520815632964, 0.76142131979695415, 0.73643410852713176, 0.71366782006920404, 0.76300085251491889, 0.7643040136635354, 0.75511945392491475, 0.76365187713310578, 0.70312499999999989, 0.740103270223752, 0.78456318914334178]], [[51, 0.8521885935278827, 0.489490361114548], 0.5555555555555556, [0.85255354200988476, 0.82845188284518823, 0.80888516345347861, 0.82077051926298161, 0.78770008424599836, 0.83953680727874269, 0.80956375838926176, 0.8263772954924874, 0.79545454545454553, 0.81658291457286425, 0.79916317991631791, 0.81726739312657171, 0.81171548117154813, 0.80604534005037787, 0.84850993377483452, 0.83471760797342198, 0.81589958158995812, 0.81453634085213045, 0.78902953586497893, 0.81589958158995812, 0.8018471872376155, 0.804837364470392, 0.84092792046396025, 0.8388704318936876, 0.80876158382476826]], [[88, 0.10189544801599963, 0.5008484746493213], 0.7777777777777778, [0.92326139088729009, 0.91787439613526578, 0.92382495948136156, 0.92592592592592604, 0.92487883683360272, 0.91787439613526567, 0.93674939951961567, 0.92473979183346677, 0.91653027823240585, 0.93023255813953498, 0.9282868525896415, 0.9332260659694287, 0.91566265060240959, 0.91428571428571437, 0.93117408906882593, 0.91680129240710817, 0.92787682333873578, 0.91754244139046082, 0.94075260208166533, 0.92221331194867695, 0.92667203867848513, 0.92966855295068718, 0.92158447857720305, 0.92920353982300896, 0.9153783563873068]], [[86, 0.3058859991434074, 0.95074362599853], 0.7777777777777778, [0.87683523654159878, 0.84372402327514551, 0.88235294117647056, 0.89951377633711516, 0.89096826688364528, 0.89096826688364528, 0.88330632090761763, 0.89991928974979818, 0.88187038556193598, 0.85345545378850962, 0.8876221498371335, 0.87185725871857256, 0.86546349466776051, 0.87898609975470154, 0.90000000000000002, 0.88545897644191718, 0.89546191247974072, 0.87027914614121515, 0.84239130434782594, 0.88907014681892338, 0.89887640449438189, 0.87366694011484813, 0.88735818476499206, 0.86759868421052622, 0.89125102207686013]], [[95, 0.1275309847301982, 0.12290127489411473], 0.5555555555555556, [0.87981146897093487, 0.87776866283839206, 0.88807785888077861, 0.88283157038242477, 0.90724165988608618, 0.88617886178861782, 0.89387755102040811, 0.90909090909090906, 0.90283400809716607, 0.88807785888077861, 0.8893442622950819, 0.90468497576736673, 0.90982940698619019, 0.89052287581699352, 0.88907014681892338, 0.87947882736156358, 0.88861588861588847, 0.89827727645611155, 0.89983713355048855, 0.89951377633711516, 0.88952071486596274, 0.89607201309328977, 0.91056910569105698, 0.89430894308943099, 0.88187038556193598]], [[77, 0.9452342465006595, 0.4430838139193912], 0.5555555555555556, [0.74957410562180593, 0.72898799313893647, 0.68890814558058933, 0.73693230505569829, 0.68260869565217386, 0.74893617021276593, 0.69636678200692037, 0.72656921754084269, 0.69636678200692037, 0.73693230505569829, 0.72649572649572658, 0.74722459436379174, 0.72898799313893647, 0.7112068965517242, 0.71182053494391717, 0.68652849740932642, 0.70008643042350893, 0.7350427350427351, 0.72898799313893647, 0.75705731394354159, 0.76335877862595414, 0.72532188841201728, 0.6975736568457539, 0.70872947277441656, 0.710594315245478]], [[61, 0.47990491802444557, 0.12613670881738115], 0.4444444444444444, [0.90210355987055013, 0.88524590163934425, 0.8915365653245686, 0.87921117502054225, 0.88550247116968706, 0.88716271463614071, 0.87386644682605108, 0.88331963845521777, 0.88379705400982, 0.90425531914893631, 0.88742810188989318, 0.89460784313725483, 0.87386644682605108, 0.89983713355048855, 0.89314845024469824, 0.86688578471651612, 0.87798845836768347, 0.90243902439024382, 0.89007383100902382, 0.88815789473684215, 0.90390879478827368, 0.85548172757475094, 0.90317331163547609, 0.88524590163934425, 0.88187038556193598]], [[61, 0.4940988342855148, 0.5462310172436656], 0.6666666666666666, [0.85726004922067278, 0.85526315789473673, 0.8708094848732626, 0.83815028901734112, 0.88617886178861782, 0.84905660377358483, 0.85820895522388063, 0.84019769357495888, 0.86164043082021546, 0.87223587223587218, 0.87418300653594783, 0.86052202283849921, 0.84780810587262201, 0.83815028901734112, 0.86902800658978574, 0.85585585585585588, 0.8606557377049181, 0.85406301824212272, 0.88597210828548001, 0.83610648918469221, 0.86079077429983519, 0.86475409836065575, 0.84788029925187025, 0.85866885784716518, 0.84999999999999998]], [[52.5, 1, 0.12020652850060387], 0.4444444444444444, [0.78991596638655459, 0.84653878231859891, 0.85548172757475094, 0.8430717863105176, 0.83680266444629481, 0.85406301824212272, 0.81932773109243695, 0.80590717299578052, 0.83542188805346695, 0.8451290591174021, 0.83263946711074099, 0.80658783783783783, 0.86378737541528228, 0.84166666666666645, 0.82214765100671139, 0.83541147132169569, 0.8430717863105176, 0.80387205387205385, 0.8499170812603648, 0.83053691275167785, 0.83817427385892118, 0.80944350758853278, 0.80808080808080818, 0.85477178423236511, 0.82352941176470595]], [[63, 0.5458915783827468, 0.5045419583098644], 0.5555555555555556, [0.83402146985962011, 0.80319596299411267, 0.83124477861319968, 0.85255354200988465, 0.82985821517931602, 0.83881578947368418, 0.83750000000000002, 0.82145850796311826, 0.83540115798180292, 0.81589958158995812, 0.83127572016460904, 0.83817427385892107, 0.83680266444629481, 0.81726739312657171, 0.82077051926298161, 0.82014987510407988, 0.82283795130142745, 0.83540115798180292, 0.85185185185185175, 0.82357859531772581, 0.82225913621262448, 0.82145850796311826, 0.81803005008347252, 0.84096586178184829, 0.83815028901734112]], [[83, 0.8098510160219619, 0.1844736280968114], 0.4444444444444444, [0.69767441860465107, 0.72711719418306242, 0.72289156626506024, 0.78770008424599836, 0.77966101694915246, 0.75615972812234489, 0.73931623931623924, 0.7983193277310926, 0.73693230505569829, 0.66144473455178432, 0.7337883959044369, 0.77411167512690349, 0.73264781491002573, 0.72532188841201728, 0.74422583404619325, 0.76694915254237284, 0.72898799313893647, 0.80888516345347861, 0.69636678200692037, 0.67767158992180709, 0.75191163976210706, 0.70379965457685667, 0.73024054982817865, 0.74358974358974361, 0.76335877862595425]], [[51, 0.8521885935278827, 0.489490361114548], 0.5555555555555556, [0.81024349286314024, 0.81365935919055654, 0.81795302013422821, 0.83610648918469221, 0.82914572864321612, 0.82847626977518718, 0.80016934801016104, 0.81932773109243695, 0.84096586178184829, 0.80944350758853278, 0.80319596299411267, 0.84518828451882833, 0.80168776371308026, 0.81307627829002527, 0.83822296730930435, 0.80740117746005047, 0.82564962279966481, 0.83124477861319968, 0.82634228187919456, 0.82283795130142745, 0.81939799331103669, 0.81863979848866497, 0.81863979848866497, 0.83889816360601011, 0.82914572864321612]], [[88, 0.10189544801599963, 0.5008484746493213], 0.5555555555555556, [0.91526778577138279, 0.92995169082125617, 0.93051118210862627, 0.93424218123496394, 0.92995169082125617, 0.92518101367658878, 0.93253968253968256, 0.92041800643086802, 0.92651757188498407, 0.92680986475735894, 0.92344119968429361, 0.9241323648103309, 0.90576766856214463, 0.93674939951961567, 0.92548076923076905, 0.92073658927141711, 0.92592592592592593, 0.90909090909090906, 0.93078758949880669, 0.92382495948136156, 0.93774940143655228, 0.90761750405186381, 0.91812400635930058, 0.95047923322683692, 0.92147435897435914]], [[86, 0.3058859991434074, 0.95074362599853], 0.6666666666666666, [0.89516129032258074, 0.85185185185185175, 0.88163265306122451, 0.85115131578947367, 0.87136929460580914, 0.87204563977180105, 0.85396039603960405, 0.86814086814086822, 0.89919354838709686, 0.85937499999999989, 0.86743044189852714, 0.85667215815486009, 0.86419753086419759, 0.8958168902920286, 0.86378737541528228, 0.86460032626427397, 0.84647302904564325, 0.88114754098360659, 0.88499184339314851, 0.87540716612377856, 0.86108854589764416, 0.86601307189542487, 0.87262200165425963, 0.89300080450522923, 0.85619285120532007]], [[95, 0.1275309847301982, 0.12290127489411473], 0.4444444444444444, [0.91307814992025504, 0.89169381107491863, 0.89733225545675011, 0.89169381107491863, 0.89618815896188164, 0.90872374798061384, 0.89649551752241241, 0.91646390916463916, 0.89660743134087251, 0.90283400809716607, 0.89764419171405363, 0.90541632983023446, 0.90434083601286186, 0.89041095890410948, 0.88716271463614038, 0.8880778588807785, 0.90249798549556826, 0.89618815896188164, 0.88834555827220874, 0.90799031476997571, 0.91423948220064732, 0.9065040650406504, 0.87993421052631571, 0.88907014681892338, 0.89968152866242024]], [[87.4, 0.3520766613942183, 1], 0.7777777777777778, [0.83887043189368771, 0.87009803921568618, 0.84921292460646247, 0.87223587223587218, 0.86333878887070381, 0.85264900662251653, 0.87204563977180116, 0.87970540098199657, 0.87314662273476118, 0.84640792733278281, 0.85456039441248965, 0.89991928974979818, 0.84501236603462482, 0.85607940446650121, 0.86136177194421659, 0.84431630971993421, 0.84232365145228205, 0.85737840065952187, 0.8678021086780211, 0.88571428571428557, 0.85796387520525452, 0.85385878489326772, 0.85423197492162994, 0.84921292460646247, 0.87755102040816335]], [[61, 0.47990491802444557, 0.12613670881738115], 0.4444444444444444, [0.86506622516556286, 0.88211046990931563, 0.8866995073891627, 0.86034912718204493, 0.88114754098360659, 0.88452088452088451, 0.86992543496271746, 0.88016528925619819, 0.87921117502054225, 0.86705202312138729, 0.87046204620462042, 0.87314662273476118, 0.85820895522388063, 0.88907014681892338, 0.86506622516556297, 0.88235294117647078, 0.89711934156378592, 0.87582236842105265, 0.85904920767306081, 0.87046204620462053, 0.88499184339314829, 0.86164043082021546, 0.88597210828548001, 0.88211046990931563, 0.86034912718204493]], [[61, 0.4940988342855148, 0.5462310172436656], 0.6666666666666666, [0.87099424815119153, 0.84089035449299265, 0.85796387520525452, 0.84507042253521125, 0.86759868421052622, 0.87152209492635035, 0.83264633140972788, 0.86021505376344076, 0.8606557377049181, 0.8208333333333333, 0.86475409836065575, 0.83747927031509117, 0.86363636363636365, 0.845771144278607, 0.85866885784716518, 0.8402317880794703, 0.84929225645295592, 0.86206896551724144, 0.83678541839270915, 0.8708094848732626, 0.8340248962655602, 0.85396039603960405, 0.85445625511038426, 0.85526315789473673, 0.87848932676518887]], [[56, 0.8626903632435095, 0.7873971570789526], 0.6666666666666666, [0.82089552238805952, 0.77608142493638677, 0.80685618729096997, 0.81024349286314012, 0.82568807339449546, 0.74295473953885571, 0.81530782029950077, 0.82089552238805985, 0.79058031959629949, 0.80536912751677847, 0.80672268907563027, 0.84162520729684909, 0.81182348043297259, 0.77345731191885037, 0.76759966072943175, 0.80267558528428085, 0.78836424957841489, 0.77249575551782679, 0.85115131578947367, 0.81024349286314012, 0.82504145936981754, 0.78414839797639124, 0.82641196013289042, 0.79764903442485302, 0.79058031959629949]], [[63, 0.5458915783827468, 0.5045419583098644], 0.6666666666666666, [0.86348684210526316, 0.82077051926298161, 0.84100418410041855, 0.86848635235732008, 0.85963455149501666, 0.86759868421052633, 0.84999999999999998, 0.84377610693400151, 0.84929225645295592, 0.84232365145228205, 0.83750000000000002, 0.86079077429983519, 0.82145850796311826, 0.86378737541528228, 0.86920529801324498, 0.85937500000000011, 0.85274542429284517, 0.83612040133779264, 0.84583333333333333, 0.86164043082021546, 0.83263946711074099, 0.82703610411418982, 0.87314662273476118, 0.85749792874896436, 0.85526315789473673]], [[100, 0.1, 0.1], 0.4444444444444444, [0.91350040420371859, 0.91653027823240585, 0.90909090909090906, 0.8922697368421052, 0.90688259109311742, 0.90351594439901883, 0.89671737389911932, 0.90189873417721522, 0.91353996737357279, 0.88815789473684215, 0.89460784313725494, 0.91205211726384372, 0.91836734693877553, 0.91020408163265309, 0.90541632983023446, 0.91202582728006443, 0.89869281045751637, 0.91503267973856206, 0.91318591318591313, 0.90090090090090091, 0.91537835638730658, 0.91795288383428109, 0.90798045602605859, 0.9017059301380993, 0.90909090909090906]], [[51, 0.8521885935278827, 0.489490361114548], 0.5555555555555556, [0.81239530988274711, 0.84507042253521125, 0.83750000000000002, 0.82634228187919456, 0.82008368200836823, 0.8235785953177257, 0.85335542667771325, 0.78746824724809494, 0.8326394671107411, 0.82495812395309887, 0.8340248962655602, 0.8270676691729324, 0.84640792733278281, 0.82426778242677823, 0.81297388374052237, 0.82781456953642385, 0.83123425692695219, 0.80808080808080818, 0.83747927031509117, 0.82845188284518823, 0.82847626977518718, 0.82778702163061579, 0.82426778242677823, 0.82220367278798001, 0.83956774729842065]], [[88, 0.10189544801599963, 0.5008484746493213], 0.6666666666666666, [0.92885375494071165, 0.92000000000000004, 0.92548076923076905, 0.91935483870967749, 0.9262229350441058, 0.91779728651237025, 0.92607313195548502, 0.92800000000000005, 0.92754777070063688, 0.9269662921348315, 0.93206951026856233, 0.9241323648103309, 0.93004769475357707, 0.92503987240829344, 0.9232613908872902, 0.92136616362192214, 0.9232613908872902, 0.93528018942383584, 0.90761750405186381, 0.92115848753016905, 0.91458501208702669, 0.92503987240829344, 0.92902711323763965, 0.93375897845171585, 0.92680986475735894]], [[86, 0.3058859991434074, 0.95074362599853], 0.6666666666666666, [0.88379705400982, 0.88019559902200506, 0.85884988797610162, 0.87510271158586694, 0.86688578471651601, 0.91273018414731777, 0.85607940446650121, 0.89795918367346939, 0.88979591836734684, 0.86460032626427408, 0.88235294117647078, 0.87683523654159867, 0.88187038556193598, 0.9017059301380993, 0.88815789473684215, 0.89733225545675011, 0.8866995073891627, 0.89358245329000796, 0.87295081967213117, 0.87943848059454999, 0.87204563977180105, 0.89533932951757977, 0.89401294498381889, 0.88643790849673199, 0.88163265306122451]], [[95, 0.1275309847301982, 0.12290127489411473], 0.4444444444444444, [0.88834555827220862, 0.89795918367346939, 0.88742810188989318, 0.91894060995184601, 0.89951377633711516, 0.89256865912762529, 0.89169381107491863, 0.88187038556193598, 0.89983713355048855, 0.90909090909090917, 0.90429845904298445, 0.88623248145094802, 0.89503661513425536, 0.90836012861736326, 0.89314845024469824, 0.91164658634538154, 0.89285714285714279, 0.88402270884022716, 0.88934426229508212, 0.88962108731466238, 0.89169381107491863, 0.89795918367346939, 0.89052287581699352, 0.89588377723970958, 0.89764419171405363]], [[87.4, 0.3520766613942183, 1], 0.6666666666666666, [0.82918739635157546, 0.84019769357495888, 0.86460032626427408, 0.83609271523178796, 0.8556366585563665, 0.83264291632145804, 0.84897959183673455, 0.85760517799352753, 0.84766584766584763, 0.84905660377358483, 0.84780810587262201, 0.83333333333333337, 0.83817427385892107, 0.85414987912973417, 0.85515548281505727, 0.84288052373158773, 0.84897959183673455, 0.85194375516956167, 0.84766584766584763, 0.84710743801652888, 0.83333333333333348, 0.85621970920840063, 0.82847626977518729, 0.84501236603462482, 0.85950413223140487]], [[61, 0.47990491802444557, 0.12613670881738115], 0.5555555555555556, [0.88952071486596274, 0.87295081967213117, 0.87469487388120415, 0.86705202312138729, 0.86705202312138729, 0.87898609975470154, 0.86348684210526316, 0.87469487388120415, 0.88597210828548001, 0.85820895522388063, 0.88834555827220862, 0.85937499999999989, 0.87561374795417335, 0.87947882736156358, 0.87704918032786883, 0.88283157038242477, 0.87921117502054225, 0.85607940446650121, 0.88259441707717567, 0.88545897644191707, 0.88592233009708732, 0.85866885784716518, 0.87171052631578949, 0.87683523654159867, 0.89314845024469824]], [[61, 0.4940988342855148, 0.5462310172436656], 0.6666666666666666, [0.8340248962655602, 0.84653878231859891, 0.84302325581395343, 0.8347245409015025, 0.87654320987654311, 0.82918739635157546, 0.8513289036544851, 0.82914572864321612, 0.84921292460646247, 0.86490939044481063, 0.8559670781893004, 0.84717607973421927, 0.8430717863105176, 0.8340318524727578, 0.8505367464905037, 0.845771144278607, 0.85477178423236511, 0.85406301824212272, 0.83612040133779264, 0.84788029925187025, 0.82987551867219911, 0.84850993377483452, 0.87458745874587462, 0.85203657522859522, 0.80808080808080818]], [[56, 0.8626903632435095, 0.7873971570789526], 0.7777777777777778, [0.74722459436379163, 0.83124477861319968, 0.83195364238410596, 0.82709891936824609, 0.78991596638655448, 0.79212070410729252, 0.79391891891891897, 0.82504145936981765, 0.84570957095709565, 0.78680203045685271, 0.81666666666666665, 0.82225913621262459, 0.80618212197159578, 0.79170194750211675, 0.81598667776852629, 0.81182348043297248, 0.82775919732441461, 0.79391891891891897, 0.77900084674005077, 0.81885856079404473, 0.79612468407750625, 0.84913437757625732, 0.82014987510407988, 0.76726342710997442, 0.82367549668874185]], [[63, 0.5458915783827468, 0.5045419583098644], 0.6666666666666666, [0.82850041425020715, 0.82916666666666672, 0.8347245409015025, 0.84442595673876875, 0.83056478405315604, 0.86333878887070381, 0.84921292460646247, 0.81521739130434789, 0.83889816360601011, 0.82709891936824609, 0.84703947368421062, 0.8443708609271523, 0.84570957095709565, 0.83057851239669422, 0.82352941176470595, 0.82637729549248728, 0.84570957095709565, 0.84297520661157033, 0.84929225645295592, 0.83607907742998366, 0.83195364238410585, 0.83541147132169569, 0.82001682085786376, 0.8557457212713937, 0.85585585585585577]], [[100, 0.1, 0.1], 0.4444444444444444, [0.91200000000000003, 0.92667203867848513, 0.91389114541023564, 0.88788870703764322, 0.87262200165425963, 0.91389114541023542, 0.89125102207686013, 0.89460784313725483, 0.89080459770114928, 0.90277777777777779, 0.90909090909090895, 0.9094616639477977, 0.89314845024469824, 0.90097402597402598, 0.88934426229508212, 0.90650406504065029, 0.91911764705882359, 0.90686274509803932, 0.89764419171405363, 0.88643790849673199, 0.90429845904298445, 0.91240875912408781, 0.88934426229508212, 0.88979591836734684, 0.90464547677261631]], [[51, 0.8521885935278827, 0.489490361114548], 0.5555555555555556, [0.83471760797342198, 0.80740117746005047, 0.845771144278607, 0.77872340425531916, 0.82987551867219922, 0.82083333333333341, 0.80672268907563027, 0.80319596299411267, 0.82426778242677823, 0.82847626977518729, 0.81658291457286425, 0.8326394671107411, 0.80101180438448571, 0.81726739312657171, 0.8208333333333333, 0.82847626977518718, 0.8326394671107411, 0.8388704318936876, 0.80672268907563027, 0.82357859531772581, 0.82083333333333341, 0.79545454545454553, 0.80672268907563027, 0.83333333333333337, 0.83402835696413691]], [[88, 0.10189544801599963, 0.5008484746493213], 0.7777777777777778, [0.93750000000000011, 0.92562651576394506, 0.94150641025641046, 0.92712550607287447, 0.91894060995184601, 0.932746196957566, 0.91828478964401294, 0.93900481540930969, 0.94301765650080249, 0.9241323648103309, 0.93145161290322576, 0.92758340113913762, 0.92369477911646569, 0.93525179856115104, 0.93924860111910469, 0.93042071197410992, 0.93446601941747576, 0.9257781324820431, 0.92283214001591107, 0.92457420924574207, 0.93424218123496394, 0.9269662921348315, 0.91885441527446299, 0.92532467532467555, 0.93775262732417153]], [[86, 0.3058859991434074, 0.95074362599853], 0.6666666666666666, [0.85749792874896436, 0.85548172757475094, 0.87876322213181457, 0.89460784313725483, 0.89401294498381889, 0.87275693311582392, 0.89576547231270343, 0.88597210828548001, 0.86490939044481063, 0.86902800658978574, 0.89691558441558439, 0.86902800658978574, 0.86867862969004894, 0.87798845836768347, 0.87438423645320185, 0.8627773212818407, 0.88187038556193598, 0.88597210828548001, 0.88934426229508212, 0.86617405582922813, 0.89600000000000002, 0.87118084227910819, 0.85950413223140487, 0.86008230452674905, 0.88259441707717567]], [[95, 0.1275309847301982, 0.12290127489411473], 0.4444444444444444, [0.89691558441558439, 0.91093117408906887, 0.91240875912408781, 0.89256865912762517, 0.88065843621399176, 0.91787439613526567, 0.90652699435938766, 0.88065843621399176, 0.91094771241830075, 0.87295081967213117, 0.87848932676518887, 0.88355048859934848, 0.89125102207686013, 0.90429845904298456, 0.91680129240710817, 0.89754098360655743, 0.91599999999999993, 0.87921117502054225, 0.89430894308943099, 0.88742810188989318, 0.90177133655394537, 0.89764419171405363, 0.90909090909090917, 0.88065843621399176, 0.90464547677261631]], [[87.4, 0.3520766613942183, 1], 0.5555555555555556, [0.83810302534750625, 0.83673469387755117, 0.86448598130841103, 0.8395368072787428, 0.82920792079207917, 0.83538083538083541, 0.8395368072787428, 0.84501236603462482, 0.86192810457516322, 0.82850041425020715, 0.83812654067378811, 0.83264971287940925, 0.85899513776337111, 0.83194675540765395, 0.85772357723577253, 0.84690553745928354, 0.8353609083536091, 0.82847626977518729, 0.85365853658536583, 0.85796387520525452, 0.83950617283950635, 0.84959349593495925, 0.83539094650205759, 0.84367245657568246, 0.8475957620211898]], [[61, 0.47990491802444557, 0.12613670881738115], 0.4444444444444444, [0.89837398373983723, 0.87438423645320185, 0.88452088452088451, 0.89007383100902382, 0.90503246753246758, 0.8876221498371335, 0.91572123176661258, 0.89722675367047311, 0.88716271463614038, 0.85820895522388063, 0.89314845024469836, 0.89764419171405363, 0.86490939044481063, 0.90835360908353613, 0.89576547231270343, 0.89546191247974083, 0.89460784313725483, 0.86363636363636365, 0.89910496338486567, 0.89198036006546644, 0.90210355987055013, 0.8627773212818407, 0.89764419171405363, 0.90612244897959204, 0.88404605263157898]], [[61, 0.4940988342855148, 0.5462310172436656], 0.6666666666666666, [0.86475409836065575, 0.87876322213181457, 0.84983498349834974, 0.88834555827220874, 0.83263598326359833, 0.88612670408981564, 0.87612061939690311, 0.8587943848059455, 0.88091353996737354, 0.85123966942148754, 0.85820895522388052, 0.87826797385620925, 0.87633087633087625, 0.87654320987654311, 0.84983498349834974, 0.85466556564822449, 0.86435070306038064, 0.88427057864710656, 0.87947882736156358, 0.8587943848059455, 0.87327376116978062, 0.88042588042588044, 0.8513289036544851, 0.83819849874895735, 0.88807785888077861]]]}}
{'SE0': {7: [[88, 0.10189544801599963, 0.5008484746493213], [0.7777777777777778, [0.93750000000000011, 0.92562651576394506, 0.94150641025641046, 0.92712550607287447, 0.91894060995184601, 0.932746196957566, 0.91828478964401294, 0.93900481540930969, 0.94301765650080249, 0.9241323648103309, 0.93145161290322576, 0.92758340113913762, 0.92369477911646569, 0.93525179856115104, 0.93924860111910469, 0.93042071197410992, 0.93446601941747576, 0.9257781324820431, 0.92283214001591107, 0.92457420924574207, 0.93424218123496394, 0.9269662921348315, 0.91885441527446299, 0.92532467532467555, 0.93775262732417153]]]}}

Total Runtime: --- 35185.3799469 seconds ---


------------------------------------------------------------
Sender: LSF System <lsfadmin@n3l4-5>
Subject: Job 565020: </share2/aagrawa8/miniconda2/bin/python2.7 DE_topics.py _topics SE0> Done

Job </share2/aagrawa8/miniconda2/bin/python2.7 DE_topics.py _topics SE0> was submitted from host <login01.hpc.ncsu.edu> by user <aagrawa8> in cluster <henry2>.
Job was executed on host(s) <8*n3l4-5>, in queue <shared_memory>, as user <aagrawa8> in cluster <henry2>.
</home/aagrawa8> was used as the home directory.
</home/aagrawa8/topics_de> was used as the working directory.
Started at Thu Oct 20 14:25:14 2016
Results reported at Fri Oct 21 00:11:42 2016

Your job looked like:

------------------------------------------------------------
# LSBATCH: User input
/share2/aagrawa8/miniconda2/bin/python2.7 DE_topics.py _topics SE0
------------------------------------------------------------

Successfully completed.

Resource usage summary:

    CPU time   :  35214.61 sec.
    Max Memory :       131 MB
    Max Swap   :       682 MB

    Max Processes  :         3
    Max Threads    :         4

The output (if any) is above this job summary.



PS:

Read file <./err/SE0.err.565020> for stderr output of this job.

