0.865415986949
0.873747171031
0.878747722379
0.877462060058
0.898101573909
0.881825590872
0.902903067082
0.863590939374
0.89262295082
0.873221216041
0.879947661106
0.881736043885
0.871574777154
0.881439084219
0.89520714866
0.875161917098
0.903054448871
0.866344873502
0.898042414356
0.877659574468
0.869215938303
0.892244897959
0.872633676519
0.875162972621
0.89905874716
0.883428753181
0.849851337958
0.864126880314
0.857303551342
0.875811688312
0.866256476684
0.89599609375
0.878145041934
0.908195105929
0.903871391076
0.88876240039
0.906710310966
0.861581920904
0.868934386587
0.904116301862
[95, 0.1275309847301982, 0.12290127489411473] -> [0.7777777777777778, [0.8961017509084902, 0.89772543958703011, 0.90699208443271773, 0.90305444887118191, 0.89500162284972418, 0.90416803413193303, 0.90146405658825446, 0.90610097023515868, 0.90291583830351219, 0.90310906399078794, 0.90439488356838305, 0.90488771466314399, 0.89965680666775616, 0.90512271454455606, 0.90110070642352558, 0.90394088669950745, 0.90505183478690132, 0.90344714915863411, 0.89599609375, 0.90050894762764722, 0.90071731333550709, 0.9001797091978434, 0.90445650386449594, 0.90560182916870813, 0.90036411784177417]]
{'SE1': {7: [0.7777777777777778, [0.8961017509084902, 0.89772543958703011, 0.90699208443271773, 0.90305444887118191, 0.89500162284972418, 0.90416803413193303, 0.90146405658825446, 0.90610097023515868, 0.90291583830351219, 0.90310906399078794, 0.90439488356838305, 0.90488771466314399, 0.89965680666775616, 0.90512271454455606, 0.90110070642352558, 0.90394088669950745, 0.90505183478690132, 0.90344714915863411, 0.89599609375, 0.90050894762764722, 0.90071731333550709, 0.9001797091978434, 0.90445650386449594, 0.90560182916870813, 0.90036411784177417]]}}
{'SE1': {7: [[[56, 0.8626903632435095, 0.7873971570789526], 0.5555555555555556, [0.86603957184560498, 0.8663967611336032, 0.86557217165149547, 0.86212437730997915, 0.86082059533386956, 0.86543149683081422, 0.86142625607779599, 0.87321164282190433, 0.87045194974710394, 0.86102236421725231, 0.86209677419354835, 0.86431675519072904, 0.86389568052159738, 0.86037126715092815, 0.87027379400260763, 0.86864406779661019, 0.86554075998700886, 0.86336697100752846, 0.86490001625751911, 0.86541598694942901, 0.86540022730962807, 0.86707533473140841, 0.86611623765582002, 0.86609639743378852, 0.863709677419355]], [[63, 0.5458915783827468, 0.5045419583098644], 0.5555555555555556, [0.87504010266281684, 0.87374717103136113, 0.88283157038242466, 0.87358520644029969, 0.86872275149362177, 0.87291399229781785, 0.87231968810916194, 0.8730031948881789, 0.87378640776699046, 0.87584759444623828, 0.87789305666400641, 0.87692056227525328, 0.87380191693290732, 0.87713640761044831, 0.87044534412955454, 0.87355212355212364, 0.87325102880658445, 0.87002096436058696, 0.8760343730108211, 0.87562029774291672, 0.87445041524181744, 0.87312957656797208, 0.86718502062837199, 0.87481875302078305, 0.86988185790580996]], [[83, 0.8098510160219619, 0.1844736280968114], 0.4444444444444444, [0.88328075709779175, 0.88010627698439059, 0.87572016460905344, 0.87536849000982642, 0.87293646823411697, 0.88386775211829205, 0.87477433119973724, 0.87937614070018255, 0.88040417425873774, 0.87227673374355563, 0.87874772237866494, 0.87510339123242342, 0.88299115339676193, 0.88006617038875101, 0.87768595041322317, 0.88122923588039859, 0.87449933244325762, 0.87576206953369584, 0.88384665792922668, 0.87795144662454272, 0.87739783152627182, 0.88114078470161561, 0.88138113332231938, 0.87932180851063835, 0.87508294625082961]], [[51, 0.8521885935278827, 0.489490361114548], 0.4444444444444444, [0.88335773548072227, 0.87760374616502501, 0.87578338421982982, 0.87328490718321228, 0.87409717662508213, 0.87951030927835061, 0.87420042643923235, 0.87558723473189692, 0.88225780365518358, 0.88378115895111686, 0.87650360866078592, 0.88392423506556594, 0.87746206005812077, 0.87510204081632648, 0.8831211230819459, 0.88332780908186936, 0.87831207065750738, 0.87018771874005707, 0.87943716021746077, 0.87044207808970631, 0.87727864583333337, 0.87510008006405127, 0.87812752219531887, 0.87662337662337664, 0.88240118090864361]], [[88, 0.10189544801599963, 0.5008484746493213], 0.6666666666666666, [0.90544083906915762, 0.89236727448765529, 0.90501792114695345, 0.89768339768339755, 0.89854598921744822, 0.90401051939513466, 0.89810157390881062, 0.89608920491273447, 0.90224358974358965, 0.89609540924685505, 0.89085969958453171, 0.89349885658281614, 0.91133816743572837, 0.89597691937810553, 0.90066655828320596, 0.90513704250779592, 0.8940609951845907, 0.89660743134087229, 0.89889466840052012, 0.89308681672025725, 0.90436759214158147, 0.90075335735342288, 0.89668615984405453, 0.90707964601769908, 0.88568239795918369]], [[86, 0.3058859991434074, 0.95074362599853], 0.6666666666666666, [0.88415617941271385, 0.88182559087204559, 0.87309085183435686, 0.88192301445509191, 0.88302009073233967, 0.87801717155353953, 0.87471964114065992, 0.88015589477102962, 0.88386268848251515, 0.88416113897427595, 0.8771227170778596, 0.87727708533077653, 0.88602529214022729, 0.88709677419354838, 0.88540807914262165, 0.87416481069042307, 0.88225701239399879, 0.88879870129870142, 0.87412028150991694, 0.88535754824063562, 0.88117382937780619, 0.88240064882400648, 0.87324393358876118, 0.87505849321478713, 0.88162660520250247]], [[95, 0.1275309847301982, 0.12290127489411473], 0.6666666666666666, [0.90685470646113475, 0.90284592737978409, 0.90520078999341658, 0.90272052761747745, 0.89943227899432276, 0.90034252161148254, 0.90141302582426497, 0.90134382169780403, 0.90294941506014159, 0.90500748627516214, 0.89801883728483267, 0.90623449644451781, 0.91081125555372722, 0.90455140798952194, 0.90736459709379136, 0.90709046454767728, 0.90427293805895992, 0.8904885150436751, 0.90282337491792519, 0.90617283950617289, 0.9029030670821715, 0.90213320306139055, 0.90640394088669951, 0.90157222404192594, 0.90268676277850579]], [[77, 0.9452342465006595, 0.4430838139193912], 0.4444444444444444, [0.86451720681590383, 0.86412593206296617, 0.86575711638874864, 0.8646431501230516, 0.86221259580139953, 0.86118886876337886, 0.86862287429143048, 0.86742360995157786, 0.85824010686258134, 0.86473029045643146, 0.86714333222480888, 0.86359093937375075, 0.86255609107528664, 0.86342100963894808, 0.86195342603451153, 0.8682733575437438, 0.85806132542037594, 0.86883596108688366, 0.86035737921906008, 0.86157956253130741, 0.85953011250827271, 0.86232604373757438, 0.86325503355704702, 0.86576517150395771, 0.865046102263202]], [[61, 0.47990491802444557, 0.12613670881738115], 0.4444444444444444, [0.88713611969425921, 0.8945998698763824, 0.89680589680589684, 0.88933764135702753, 0.89712335446123848, 0.89035516454871289, 0.88914360569837891, 0.88662790697674421, 0.89689722042663222, 0.8962186937305614, 0.89816933638443941, 0.89262295081967225, 0.89085072231139639, 0.88707064160725846, 0.89320705421293289, 0.89388223716581927, 0.902391090730429, 0.891523221825268, 0.89062246058833094, 0.88778984919734072, 0.89743589743589747, 0.883765609990394, 0.89256734826355089, 0.89440182797453893, 0.89410996899983675]], [[61, 0.4940988342855148, 0.5462310172436656], 0.4444444444444444, [0.87155963302752282, 0.86860041210968464, 0.87691069991954951, 0.87648761659697638, 0.87327376116978062, 0.87765089722675371, 0.87185725871857256, 0.86761229314420807, 0.87459807073954987, 0.87053216838760927, 0.87322121604139724, 0.87105177466623251, 0.87263394289380813, 0.86900958466453671, 0.87344169165220131, 0.87362374341790339, 0.87129194358891227, 0.86827309236947781, 0.87971849008317338, 0.87596012420330127, 0.87634667953047107, 0.86925172248037164, 0.87384913584235169, 0.87152275285415659, 0.87863767188999042]], [[52.5, 1, 0.12020652850060387], 0.4444444444444444, [0.87619665747201048, 0.88658277496322924, 0.87682333873581841, 0.88472290741654336, 0.88007896035532152, 0.88211382113821124, 0.8780006576783953, 0.87920116902094492, 0.88297698710625105, 0.87878297459135779, 0.87686567164179097, 0.88639711900474705, 0.8830275229357798, 0.88244844942360778, 0.87865425445043277, 0.87908496732026153, 0.87878297459135779, 0.88028169014084501, 0.87994766110565914, 0.8836488250652742, 0.87804092154019653, 0.88580399933895237, 0.87989513354088156, 0.88049294632722541, 0.87756778964667204]], [[63, 0.5458915783827468, 0.5045419583098644], 0.5555555555555556, [0.88144413725809068, 0.88049805950840876, 0.88331694526384796, 0.88092933204259438, 0.87808417997097232, 0.87770721380882588, 0.88216251213985108, 0.88173604388512428, 0.88077858880778581, 0.88696504410323429, 0.88358932902182696, 0.88244871377401501, 0.88216039279869074, 0.88249594813614263, 0.87892521851731953, 0.88692521682212411, 0.87514115179867724, 0.8854936750451784, 0.87605451005840362, 0.87678485480506974, 0.87612323491655963, 0.88235294117647045, 0.88220958570268071, 0.88530524930064181, 0.87800519818063683]], [[83, 0.8098510160219619, 0.1844736280968114], 0.4444444444444444, [0.87243279345466684, 0.87061367038084159, 0.86836836836836839, 0.86956521739130443, 0.87588828292844145, 0.87998024366150795, 0.87159015302727882, 0.86887439371132302, 0.87137620793068971, 0.86235627395434078, 0.87473002159827218, 0.8634236041457708, 0.87518647439085029, 0.87364921030756437, 0.8655922910782522, 0.87518647439085029, 0.86800334168755222, 0.86676572560673593, 0.87679705784018724, 0.87207357859531787, 0.87370531239558979, 0.87959866220735783, 0.86833803752282912, 0.87157477715417631, 0.86356796522320678]], [[51, 0.8521885935278827, 0.489490361114548], 0.5555555555555556, [0.87947882736156346, 0.88102166181700614, 0.87993030255029303, 0.88824503311258285, 0.8848133848133849, 0.87996755879967559, 0.8810397065858715, 0.88082480922227624, 0.89102459683987634, 0.87829054273643159, 0.88856161021109481, 0.88661620228700266, 0.88111435050210574, 0.88149822408782708, 0.87917485265225925, 0.88306257037156177, 0.88835341365461851, 0.87876322213181446, 0.87920116902094492, 0.88143908421913342, 0.88158325155381112, 0.88377723970944311, 0.88747380299854906, 0.87608588755941652, 0.88326530612244902]], [[84.0, 0.15612852351267542, 0.6188844865535685], 0.5555555555555556, [0.90276641021443782, 0.89737314406917923, 0.88786556794312488, 0.88874472915990921, 0.89584015722240429, 0.89883967968622314, 0.89274141283214514, 0.89489098600715911, 0.89871963230466179, 0.891523221825268, 0.8877749029754205, 0.90315650305734596, 0.90130505709624797, 0.89454782892588958, 0.89520714865962636, 0.89808192457737324, 0.89832181638696951, 0.89126559714794995, 0.89823298429319365, 0.89039987048729163, 0.8872785829307569, 0.89538862636467331, 0.89490968801313631, 0.89866623292127523, 0.8916990920881972]], [[86, 0.3058859991434074, 0.95074362599853], 0.6666666666666666, [0.87935222672064783, 0.87427745664739875, 0.8756019261637239, 0.87785042258013057, 0.87302864499517219, 0.88925081433224751, 0.87659235668789803, 0.87475633528265095, 0.86897757990141522, 0.87715066730985702, 0.87516191709844549, 0.87372448979591844, 0.87905844155844148, 0.8751598465473146, 0.87679999999999991, 0.88478366553232868, 0.88292524728393051, 0.86619160728424383, 0.87469879518072302, 0.87506037675092574, 0.88599348534201949, 0.87959974176888311, 0.87218649517684876, 0.87297811607992393, 0.87397392563978771]], [[95, 0.1275309847301982, 0.12290127489411473], 0.7777777777777778, [0.8961017509084902, 0.89772543958703011, 0.90699208443271773, 0.90305444887118191, 0.89500162284972418, 0.90416803413193303, 0.90146405658825446, 0.90610097023515868, 0.90291583830351219, 0.90310906399078794, 0.90439488356838305, 0.90488771466314399, 0.89965680666775616, 0.90512271454455606, 0.90110070642352558, 0.90394088669950745, 0.90505183478690132, 0.90344714915863411, 0.89599609375, 0.90050894762764722, 0.90071731333550709, 0.9001797091978434, 0.90445650386449594, 0.90560182916870813, 0.90036411784177417]], [[77, 0.9452342465006595, 0.4430838139193912], 0.5555555555555556, [0.86066256034626265, 0.86949320967207688, 0.86652224629228458, 0.87159015302727882, 0.8687354795884501, 0.87082849078532287, 0.86627906976744196, 0.86546417342379611, 0.86913252612373537, 0.86221329315251971, 0.86627140974967054, 0.86772046589018303, 0.86780277961614816, 0.86226947998006298, 0.87256696057228422, 0.86040313176744954, 0.8651610760544669, 0.87302890932982913, 0.8663448735019974, 0.87290969899665549, 0.86238379814077015, 0.86383119024068589, 0.86475615887380597, 0.87122469299701299, 0.86593112671347372]], [[61, 0.47990491802444557, 0.12613670881738115], 0.4444444444444444, [0.89831059129304736, 0.90188062142273095, 0.89758156143483192, 0.89326206673145458, 0.89836807238649219, 0.89089168926463547, 0.89928640934155046, 0.89818893783651499, 0.89706121123559024, 0.8996258337400358, 0.90228013029315968, 0.89606605148130158, 0.89626488337954646, 0.89756018742930999, 0.89882201065031464, 0.89735260678902062, 0.89804241435562793, 0.90094493320299773, 0.89799902391410436, 0.89720832660964989, 0.89776981930652777, 0.89285714285714279, 0.89867699257825107, 0.90217569115000817, 0.89914058699529753]], [[61, 0.4940988342855148, 0.5462310172436656], 0.5555555555555556, [0.8807324582725653, 0.88172920065252858, 0.86904188733750598, 0.86956521739130421, 0.87992060866688715, 0.87613049095607221, 0.87959216701731679, 0.88211382113821124, 0.8734843650287174, 0.87790027974329432, 0.87370929308975365, 0.88044710837518225, 0.87656529516994641, 0.87660752075533133, 0.87825805407155588, 0.87740777015997373, 0.87776866283839217, 0.8715890850722311, 0.86850393700787409, 0.88259307642064011, 0.87937234390323649, 0.87681159420289856, 0.87765957446808518, 0.87314267454865002, 0.87882715049408722]], [[56, 0.8626903632435095, 0.7873971570789526], 0.5555555555555556, [0.86865092203170502, 0.87045194974710394, 0.86744639376218324, 0.87375522004497264, 0.8715745094859737, 0.87334097984597736, 0.87333765812520259, 0.86910740320751667, 0.86921593830334187, 0.86603409456416858, 0.87096774193548387, 0.86833144154370023, 0.87090496269867024, 0.87209302325581395, 0.86746987951807231, 0.86565210276550486, 0.87176970886490013, 0.86795491143317238, 0.86089030206677253, 0.86879432624113473, 0.87044207808970631, 0.87252675964969195, 0.86821957973611341, 0.86642018968011592, 0.87222584856396868]], [[76.1, 0.4020733551188588, 0.1546690547101558], 0.5555555555555556, [0.89541193882585113, 0.89125102207686013, 0.89346799152956513, 0.89510718376697751, 0.89373970345963771, 0.88747380299854906, 0.88717532467532467, 0.8983860342555996, 0.89099917423616848, 0.89602496714848878, 0.89126117179741804, 0.89379514116874592, 0.8922448979591836, 0.88737201365187712, 0.89142857142857146, 0.8936448292762621, 0.8926240208877283, 0.88896125040703355, 0.89180327868852471, 0.89376747245518817, 0.89735099337748347, 0.8954732510288067, 0.89116202945990175, 0.89012063906097161, 0.8895955642530986]], [[83, 0.8098510160219619, 0.1844736280968114], 0.4444444444444444, [0.87373820949859327, 0.87719298245614041, 0.87826662256037047, 0.86981378634433193, 0.86917119789092101, 0.87062175297469402, 0.86967133094695737, 0.87867467922689624, 0.87545424512718872, 0.86755731486063015, 0.87126137841352413, 0.87263367651942891, 0.87832327515902786, 0.86772046589018303, 0.87128712871287117, 0.87829054273643159, 0.87620311981413856, 0.86717709720372838, 0.8686371100164203, 0.87861271676300579, 0.87830080367393792, 0.87258304412493792, 0.86657838106273788, 0.87296308613235774, 0.87485704950171539]], [[51, 0.8521885935278827, 0.489490361114548], 0.5555555555555556, [0.87302864499517208, 0.88063099691006674, 0.86648190414085424, 0.87958455047062645, 0.87625526401036613, 0.86963589076723014, 0.87355212355212364, 0.87558723473189692, 0.87345033005957162, 0.87896953985742066, 0.86838750796685782, 0.87229925830377297, 0.87819157586599439, 0.87676570871894799, 0.87838948233360714, 0.87617200129324291, 0.86587301587301591, 0.87670787247885495, 0.87418831168831168, 0.87516297262059972, 0.88172746605594643, 0.87132234076947945, 0.87429943955164136, 0.87354274611398963, 0.87540453074433666]], [[88, 0.10189544801599963, 0.5008484746493213], 0.5555555555555556, [0.89905874716001299, 0.89801883728483267, 0.90240313879352618, 0.89919354838709675, 0.89688249400479625, 0.90625, 0.88216711419996841, 0.90155865463494667, 0.9027777777777779, 0.90395942408376961, 0.89903069466882057, 0.90153244212585593, 0.89671285852400906, 0.90550534100246505, 0.89539007092198575, 0.89334402566158777, 0.89876703439325123, 0.89603722124177765, 0.90976331360946749, 0.90871574777154174, 0.89791295906811197, 0.89573918657198193, 0.8946434333656017, 0.90827484902888844, 0.89969310289129378]], [[86, 0.3058859991434074, 0.95074362599853], 0.6666666666666666, [0.87566095177054948, 0.88992020843510833, 0.87961476725521659, 0.88197459398617128, 0.8887070376432078, 0.88591042824452437, 0.87443946188340804, 0.88342875318066161, 0.88754494932984629, 0.88038511749347259, 0.88518699983668137, 0.88207018106072743, 0.88634505314799672, 0.88093709884467264, 0.87387242268041243, 0.87706511175898927, 0.88742476004555071, 0.88405331620362937, 0.88605551969012264, 0.88045234248788373, 0.87842138765117761, 0.88052373158756136, 0.88378115895111675, 0.88510569630466351, 0.8876221498371335]], [[100, 0.6880377728052351, 0.7616984701236156], 0.5555555555555556, [0.84176480344999172, 0.85513245033112584, 0.85940099833610661, 0.85714285714285721, 0.8428927680798004, 0.84940466208284426, 0.84716229671423837, 0.85607321131447589, 0.85209531635168456, 0.85013218770654342, 0.84823667056660546, 0.84616644823066833, 0.84979253112033193, 0.8549006511938555, 0.84985133795837464, 0.84952665670154448, 0.85500922973653293, 0.84871456822676339, 0.85359801488833742, 0.84935629493395759, 0.86045735269571022, 0.8567415730337079, 0.84628237259816208, 0.84997524343951136, 0.84332334332334336]], [[77, 0.9452342465006595, 0.4430838139193912], 0.4444444444444444, [0.87089318144295846, 0.85071440302184276, 0.86581154415392214, 0.86942038640906061, 0.86562657272269738, 0.86393989983305508, 0.86000000000000021, 0.86837294332723947, 0.87093042472318627, 0.85908124897825722, 0.86603742341447254, 0.85940127817019851, 0.86412688031393081, 0.86945731303772344, 0.86166666666666658, 0.87010411502231033, 0.86010709504685401, 0.86281348613187181, 0.86628383921246921, 0.86224066390041498, 0.86806127491352314, 0.85957021489255359, 0.86330336330336332, 0.87182448036951499, 0.86058091286307059]], [[50, 1, 1], 0.5555555555555556, [0.85898468976631748, 0.8574610244988865, 0.8613243761996161, 0.85611979166666663, 0.85533776121820837, 0.85954049209711592, 0.85682074408117248, 0.85548574190430171, 0.8571888066902541, 0.85943711241850851, 0.85863453815261037, 0.85614774015875594, 0.85952533675432974, 0.85661823407312776, 0.85725871857258718, 0.85828180930686626, 0.85608332018305178, 0.8535598705501618, 0.85647020620230552, 0.86092715231788086, 0.85566677429770754, 0.85760257441673371, 0.85739635425068561, 0.85934985516575479, 0.8573035513417967]], [[61, 0.4940988342855148, 0.5462310172436656], 0.4444444444444444, [0.87640632643078431, 0.87657106026426035, 0.87534898998193456, 0.87270660821561941, 0.87647153684889523, 0.87920984455958551, 0.87237876802096981, 0.87849862481799068, 0.87188895979578807, 0.87802485284499676, 0.86847226727213744, 0.87659712113860588, 0.87491898898250164, 0.8777885548011638, 0.87377850162866455, 0.87477725579134946, 0.87080019477357584, 0.87012776969108852, 0.88187306248980257, 0.87581168831168821, 0.87650700553926364, 0.86814932486100072, 0.87783171521035586, 0.87763782103713406, 0.87504088976120376]], [[56, 0.8626903632435095, 0.7873971570789526], 0.5555555555555556, [0.86451612903225805, 0.86475942782834847, 0.86998550024166277, 0.86354807381029475, 0.8725106105125694, 0.86960025789813022, 0.87201699901928731, 0.85783132530120476, 0.8638360175695462, 0.8675762439807384, 0.8683160415003992, 0.8677351465112515, 0.86284610431423059, 0.86538461538461531, 0.86524360436695458, 0.86655817737998375, 0.87096255825164703, 0.8643659711075441, 0.86486925450706509, 0.86329195550540061, 0.86820083682008353, 0.86138140054235135, 0.86970474967907563, 0.86706153339914449, 0.86625647668393768]], [[76.1, 0.4020733551188588, 0.1546690547101558], 0.5555555555555556, [0.89428245642612803, 0.89737314406917923, 0.89988377884775017, 0.89476276473485472, 0.89210950080515294, 0.88915662650602412, 0.89900473160385042, 0.8971390772283776, 0.89682013911891345, 0.89329618095394214, 0.89520714865962636, 0.89522546419098148, 0.90249133806302584, 0.89288594934666887, 0.89722541454605165, 0.89975144987572497, 0.89823298429319365, 0.88457216246588544, 0.89927464556544678, 0.89599609374999989, 0.89650145772594769, 0.88810384488991112, 0.89089735313105234, 0.90299362015377072, 0.89542375681480257]], [[83, 0.8098510160219619, 0.1844736280968114], 0.4444444444444444, [0.87506156624527986, 0.87814504193389253, 0.88186494109839064, 0.88308252025797918, 0.87495892211633253, 0.8728968848908879, 0.87980376124284543, 0.87928221859706368, 0.87541254125412549, 0.87833333333333341, 0.87921992789249437, 0.87883259550746029, 0.87918462048392443, 0.87680079483358186, 0.87895778364116095, 0.87464765378875819, 0.87070806637095455, 0.88278809797797142, 0.8773959021810972, 0.87751070135001641, 0.88753951089668948, 0.873405299313052, 0.87136243386243384, 0.88429207186418335, 0.87339479749753035]], [[100, 0.1, 0.36522686885153055], 0.6666666666666666, [0.9151785714285714, 0.90753703402246466, 0.90797846304454244, 0.9088645418326694, 0.90833884844473867, 0.91028374610464169, 0.90841706473398121, 0.90387139107611558, 0.90819510592872388, 0.91202249049115258, 0.9124326090508087, 0.90954356846473028, 0.90546047269763641, 0.91133816743572837, 0.90161237249095094, 0.90531290743155157, 0.90157222404192594, 0.90423784494086723, 0.90968801313628889, 0.90653896961690883, 0.90686274509803921, 0.9052924791086352, 0.90886699507389157, 0.90886536553092956, 0.90722158249712126]], [[88, 0.10189544801599963, 0.5008484746493213], 0.5555555555555556, [0.90560182916870813, 0.90324157028832064, 0.90285714285714291, 0.90277777777777779, 0.90572556762092793, 0.90924147068565753, 0.90633699033895532, 0.90060586212542992, 0.91088782737605001, 0.89340428963070473, 0.90387139107611558, 0.91081750619322877, 0.90415180019461572, 0.9055182577370231, 0.90103997400064995, 0.90759618546530751, 0.89661930426261627, 0.90731389477113533, 0.90564170240844599, 0.89687550590901743, 0.91088457744163098, 0.89929818834666231, 0.90098199672667756, 0.90373280943025536, 0.90163934426229508]], [[74.23, 0.30191917501345245, 0.5239935713724369], 0.6666666666666666, [0.88545042125729112, 0.88959041605957589, 0.89437540876389798, 0.89019800360006551, 0.89201110929586658, 0.89155454692818925, 0.89381393083292748, 0.89250654450261779, 0.88803404812571607, 0.88724132312204651, 0.88876240039030741, 0.89425587467362921, 0.8885640025990903, 0.88649611398963724, 0.88892513456206179, 0.88437040666340028, 0.89835478090894294, 0.88149822408782708, 0.88781275221953193, 0.89907955292570674, 0.88865443921441323, 0.89449541284403677, 0.88701845257364853, 0.88678328474246837, 0.88836220987250736]], [[95, 0.1275309847301982, 0.12290127489411473], 0.6666666666666666, [0.90600695019030275, 0.90508806262230901, 0.90969017798286089, 0.90579112357696756, 0.91155234657039719, 0.9059463020919124, 0.90532640467684322, 0.90834293236794461, 0.90856289412545632, 0.90557020435069213, 0.90202813215570821, 0.90715572294088742, 0.90819348469891414, 0.90916557161629441, 0.90464344941956876, 0.9112532808398951, 0.90671031096563004, 0.90624485088152895, 0.90453499835688456, 0.9088661832564271, 0.9077502867442242, 0.90542763157894735, 0.91082380242002314, 0.90137165251469631, 0.91203319502074687]], [[77, 0.9452342465006595, 0.4430838139193912], 0.5555555555555556, [0.85906374501992022, 0.85688012038120709, 0.86158657011191575, 0.86780277961614816, 0.86069651741293518, 0.86536875103118294, 0.86068920463824916, 0.86412593206296617, 0.85730916347912856, 0.85893155258764609, 0.86386138613861385, 0.86399474375821295, 0.86129938832864938, 0.86163836163836172, 0.85923217550274222, 0.8615819209039548, 0.85844370860927155, 0.85928489042675904, 0.86359901396877581, 0.86549707602339188, 0.8625803262481464, 0.86049218490189561, 0.86895294897282971, 0.85304898367210935, 0.8674738762647205]], [[50, 1, 1], 0.5555555555555556, [0.87047803617571062, 0.86777526638682601, 0.86735517185735034, 0.8704156479217604, 0.8657696620214641, 0.86799421872490778, 0.87071876507477075, 0.87450916230366482, 0.86882865440464663, 0.86181993259508916, 0.87188612099644136, 0.86223506743737965, 0.87109438900703429, 0.87224383916990922, 0.86788813886210225, 0.87224383916990922, 0.86854078648033795, 0.86437440305635149, 0.87559494501887414, 0.86240467304883983, 0.8689343865871354, 0.87085402980291637, 0.86678536743282597, 0.87169441723800201, 0.87094155844155852]], [[72.6, 0.1, 0.7540786470521192], 0.6666666666666666, [0.90325203252032527, 0.90267639902676389, 0.8921427428388542, 0.91149273447820356, 0.90760425183973847, 0.89217252396166125, 0.90314136125654454, 0.90990696915292968, 0.90752864157119484, 0.90886739878708411, 0.9078280764830855, 0.9000161004669136, 0.90508806262230901, 0.90223097112860884, 0.89615817392702146, 0.89274347549331645, 0.90631700478311061, 0.89817947478653148, 0.90411630186213665, 0.907677197577345, 0.89627228525121549, 0.91275057509037139, 0.90482356749757198, 0.90991138825073847, 0.90383989586723057]]]}}
{'SE1': {7: [[95, 0.1275309847301982, 0.12290127489411473], [0.7777777777777778, [0.8961017509084902, 0.89772543958703011, 0.90699208443271773, 0.90305444887118191, 0.89500162284972418, 0.90416803413193303, 0.90146405658825446, 0.90610097023515868, 0.90291583830351219, 0.90310906399078794, 0.90439488356838305, 0.90488771466314399, 0.89965680666775616, 0.90512271454455606, 0.90110070642352558, 0.90394088669950745, 0.90505183478690132, 0.90344714915863411, 0.89599609375, 0.90050894762764722, 0.90071731333550709, 0.9001797091978434, 0.90445650386449594, 0.90560182916870813, 0.90036411784177417]]]}}

Total Runtime: --- 294084.732006 seconds ---


------------------------------------------------------------
Sender: LSF System <lsfadmin@n3l4-3>
Subject: Job 565021: </share2/aagrawa8/miniconda2/bin/python2.7 DE_topics.py _topics SE1> Done

Job </share2/aagrawa8/miniconda2/bin/python2.7 DE_topics.py _topics SE1> was submitted from host <login01.hpc.ncsu.edu> by user <aagrawa8> in cluster <henry2>.
Job was executed on host(s) <8*n3l4-3>, in queue <shared_memory>, as user <aagrawa8> in cluster <henry2>.
</home/aagrawa8> was used as the home directory.
</home/aagrawa8/topics_de> was used as the working directory.
Started at Thu Oct 20 14:25:14 2016
Results reported at Mon Oct 24 00:06:43 2016

Your job looked like:

------------------------------------------------------------
# LSBATCH: User input
/share2/aagrawa8/miniconda2/bin/python2.7 DE_topics.py _topics SE1
------------------------------------------------------------

Successfully completed.

Resource usage summary:

    CPU time   : 294314.88 sec.
    Max Memory :       559 MB
    Max Swap   :      1108 MB

    Max Processes  :         3
    Max Threads    :         4

The output (if any) is above this job summary.



PS:

Read file <./err/SE1.err.565021> for stderr output of this job.

