0.549568965517
0.585271317829
0.550098231827
0.319012275193
0.665529010239
0.591715976331
0.677796803653
0.521932911095
0.536990089882
0.407854984894
0.499787775891
0.548766428407
0.553398058252
0.574282147316
0.666106912958
0.596226415094
0.523656973879
0.658188932364
0.447397978285
0.537801097067
0.409654152025
0.603053435115
0.552570093458
0.555013417907
0.607598230549
0.513507219376
0.418893129771
0.619703389831
0.628056628057
0.534212320982
0.473695699629
0.625859697387
0.565753080211
0.599236641221
0.601708074534
0.581846392552
0.627993613624
0.674794442869
0.419806243272
0.592763664357
[95, 0.1275309847301982, 0.12290127489411473] -> [0.6666666666666666, [0.57646498332539309, 0.72560596643878184, 0.59645620164711755, 0.72477350827866294, 0.68018406672418774, 0.73445431472081213, 0.67403001982441224, 0.6607991058955015, 0.64658634538152615, 0.69347319347319347, 0.67217317003702648, 0.66234498308906431, 0.59760956175298807, 0.69815195071868574, 0.65174825174825179, 0.7305095150399018, 0.69670916098428703, 0.60405202601300645, 0.67779680365296802, 0.71893399442206374, 0.68658892128279891, 0.64498644986449871, 0.67901234567901225, 0.68084499000856424, 0.59907834101382484]]
{'SE3': {7: [0.6666666666666666, [0.57646498332539309, 0.72560596643878184, 0.59645620164711755, 0.72477350827866294, 0.68018406672418774, 0.73445431472081213, 0.67403001982441224, 0.6607991058955015, 0.64658634538152615, 0.69347319347319347, 0.67217317003702648, 0.66234498308906431, 0.59760956175298807, 0.69815195071868574, 0.65174825174825179, 0.7305095150399018, 0.69670916098428703, 0.60405202601300645, 0.67779680365296802, 0.71893399442206374, 0.68658892128279891, 0.64498644986449871, 0.67901234567901225, 0.68084499000856424, 0.59907834101382484]]}}
{'SE3': {7: [[[56, 0.8626903632435095, 0.7873971570789526], 0.4444444444444444, [0.558457711442786, 0.60005252100840334, 0.54946393762183243, 0.55169105301031429, 0.51750886524822692, 0.55902951475737861, 0.49464398235664775, 0.59104161144977474, 0.56001002255073917, 0.45768396133359635, 0.54956896551724144, 0.54216867469879515, 0.54735840076154219, 0.54069903823598409, 0.57164634146341464, 0.5007636919048658, 0.60786485738022711, 0.55661729574773045, 0.50313107320233208, 0.55514615573569148, 0.55311355311355304, 0.53316444035006916, 0.5311270539227031, 0.54291133238501654, 0.57462496821764553]], [[63, 0.5458915783827468, 0.5045419583098644], 0.4444444444444444, [0.58571428571428574, 0.59063404367271766, 0.52704257767548901, 0.59390466267257103, 0.56688214818498261, 0.58568882098293851, 0.5579975579975579, 0.56447688564476883, 0.58487132830777222, 0.60075431034482751, 0.55528961225466733, 0.62255176273083379, 0.59667471171895958, 0.55755827925979329, 0.52445961319681456, 0.59169278996865204, 0.57526609224531178, 0.58718406944089863, 0.5852713178294574, 0.56965174129353224, 0.58733401430030652, 0.59776833156216802, 0.57422969187675066, 0.60294117647058831, 0.52797833935018057]], [[83, 0.8098510160219619, 0.1844736280968114], 0.3333333333333333, [0.54151624548736454, 0.55759803921568629, 0.54047730463266264, 0.5741935483870968, 0.57311745052685692, 0.58229813664596275, 0.55009823182711204, 0.57073544433095003, 0.53176470588235281, 0.53428839830906527, 0.59358869872317299, 0.57324016563146996, 0.54092191909689546, 0.53768490255928625, 0.56040938592111833, 0.54676258992805749, 0.54156479217603914, 0.53009259259259256, 0.54961089494163429, 0.55487804878048785, 0.55958938407611414, 0.53255813953488373, 0.58815684182448658, 0.53782505910165479, 0.56752693560511147]], [[51, 0.8521885935278827, 0.489490361114548], 0.3333333333333333, [0.34160999525541674, 0.32992289442467376, 0.31650864472950357, 0.30386002404167223, 0.32276492430734077, 0.33062819356777884, 0.31428970526609862, 0.34839019702066321, 0.30657523194836628, 0.30350141949438958, 0.30429594272076371, 0.31842251950947603, 0.31929923707261931, 0.33087126921917392, 0.35308848080133554, 0.31778757287075216, 0.35396745512497901, 0.29030650386244705, 0.30941949616648412, 0.31487743026204568, 0.32966226138032306, 0.31901227519269193, 0.32110091743119268, 0.30022483798439353, 0.37125642388800278]], [[88, 0.10189544801599963, 0.5008484746493213], 0.5555555555555556, [0.70800485142510605, 0.64041368337311066, 0.70549384569198448, 0.673159553136637, 0.67647891310500985, 0.62336301728653742, 0.68975638391546823, 0.70080862533692734, 0.65961591984414147, 0.66813914964108234, 0.65720584182970521, 0.68234275822273516, 0.62132549438802787, 0.67958357432041638, 0.60991105463786532, 0.70663493008033318, 0.69465192709889456, 0.641675560298826, 0.61907203281209944, 0.55973659454374414, 0.66552901023890787, 0.64194577352472093, 0.68428781204111611, 0.6238435104414487, 0.60357862903225801]], [[86, 0.3058859991434074, 0.95074362599853], 0.5555555555555556, [0.59837993206166695, 0.58808222742648963, 0.60401797515199573, 0.57634730538922152, 0.61269146608315095, 0.5816016218955905, 0.58062880324543609, 0.61085972850678727, 0.60078534031413611, 0.5839133797370456, 0.55356288857006208, 0.57649114050411776, 0.58227848101265822, 0.63980358174465646, 0.61484290357529792, 0.6272352132049519, 0.5367100371747211, 0.61684782608695654, 0.56382719062728825, 0.58499743983614949, 0.59171597633136097, 0.61654948620876149, 0.57445200302343158, 0.60897435897435903, 0.60740144810941277]], [[95, 0.1275309847301982, 0.12290127489411473], 0.6666666666666666, [0.57646498332539309, 0.72560596643878184, 0.59645620164711755, 0.72477350827866294, 0.68018406672418774, 0.73445431472081213, 0.67403001982441224, 0.6607991058955015, 0.64658634538152615, 0.69347319347319347, 0.67217317003702648, 0.66234498308906431, 0.59760956175298807, 0.69815195071868574, 0.65174825174825179, 0.7305095150399018, 0.69670916098428703, 0.60405202601300645, 0.67779680365296802, 0.71893399442206374, 0.68658892128279891, 0.64498644986449871, 0.67901234567901225, 0.68084499000856424, 0.59907834101382484]], [[77, 0.9452342465006595, 0.4430838139193912], 0.3333333333333333, [0.51863280322810346, 0.52980931692010624, 0.51675977653631289, 0.52136133236784932, 0.51736274049741893, 0.50959780621572204, 0.52820267686424482, 0.53032133365547229, 0.52844531633153502, 0.5337078651685393, 0.50882899628252798, 0.53478583807873237, 0.49194601654331732, 0.54725107676716489, 0.51804423748544814, 0.54960119641076777, 0.51115241635687725, 0.54433938154868389, 0.50680272108843538, 0.52207428170988091, 0.51854476730451204, 0.52193291109547268, 0.51048313582497717, 0.52277554873731413, 0.5677804944308612]], [[61, 0.47990491802444557, 0.12613670881738115], 0.4444444444444444, [0.5410101946246525, 0.47756729810568288, 0.52181736392262712, 0.56404657933042213, 0.53679945982444299, 0.5437603208303845, 0.53713377242789007, 0.55092812946216074, 0.58341862845445247, 0.46723536254362152, 0.54159944687716066, 0.54665409990574931, 0.51057466353343295, 0.53062126906920193, 0.59014267185473412, 0.49676476727196828, 0.53114382785956959, 0.54643527204502818, 0.54830287206266315, 0.53699008988246144, 0.51648831622625024, 0.50626194014009762, 0.49325025960539981, 0.51011622901420584, 0.57070707070707061]], [[61, 0.4940988342855148, 0.5462310172436656], 0.4444444444444444, [0.38331929233361417, 0.35018587360594799, 0.46201232032854211, 0.41163754278508374, 0.41530352599054887, 0.40552427867698798, 0.38840628132308719, 0.42539388322520855, 0.39328657314629256, 0.43665557078519673, 0.40890544615930458, 0.40785498489425981, 0.40818133522224193, 0.35062584828834265, 0.4036664903930901, 0.43010752688172044, 0.3859678499665104, 0.39695945945945943, 0.4077982471829727, 0.39112227805695149, 0.41379934806229629, 0.42927382753403936, 0.38085311096856966, 0.41213768115942029, 0.4228855721393035]], [[57.5, 0.4867475954845761, 0.33769626006858244], 0.4444444444444444, [0.51937809824245151, 0.48929663608562685, 0.53516090584028608, 0.47701383238405204, 0.4903786468032279, 0.44187752108544182, 0.52613636363636362, 0.5873888016745159, 0.51543007222587001, 0.49511262218444535, 0.55139056831922606, 0.49978777589134121, 0.47523961661341857, 0.45800781250000006, 0.51222222222222213, 0.48082775410833833, 0.53117782909930711, 0.53903345724907059, 0.50880626223091974, 0.47303969978273752, 0.46632633025721587, 0.49480822208094927, 0.47305510534846024, 0.56285643441606736, 0.52961275626423698]], [[63, 0.5458915783827468, 0.5045419583098644], 0.4444444444444444, [0.54876642840673284, 0.54996489585771124, 0.54627696590118302, 0.57345851306774931, 0.52521008403361347, 0.54458894565722249, 0.57240704500978468, 0.54442909760589309, 0.50942987210058521, 0.54833372725124097, 0.55278766310794769, 0.52707501109631605, 0.58077605883844785, 0.56404657933042213, 0.53764652840396754, 0.54669169404035667, 0.57003654080389765, 0.58823529411764697, 0.55031817110534986, 0.51440329218106995, 0.54915333960489177, 0.55174046886099926, 0.53075727292915831, 0.56126192223037419, 0.53493699885452461]], [[83, 0.8098510160219619, 0.1844736280968114], 0.4444444444444444, [0.57510839071665387, 0.54384283660757082, 0.50694745983499789, 0.56668356997971603, 0.54606687515034891, 0.55971079531288959, 0.60631229235880402, 0.55329827915869978, 0.51788869257950532, 0.55707196029776673, 0.52309782608695654, 0.58102345415778256, 0.56694507719564669, 0.53163653663177923, 0.52480705622932733, 0.55339805825242727, 0.57737627651217593, 0.53642539236355113, 0.55843195266272194, 0.51396648044692739, 0.55415299166877052, 0.54504072831815997, 0.57993328201180394, 0.5704613841524574, 0.53255118472509777]], [[51, 0.8521885935278827, 0.489490361114548], 0.4444444444444444, [0.60095516052003173, 0.57428214731585514, 0.54496233521657256, 0.59354346720894757, 0.56643014436016648, 0.57720953326713009, 0.57769423558897237, 0.56154977930358019, 0.5489092188599578, 0.58130601792573622, 0.57525415323580464, 0.57456907319510364, 0.60635094442923632, 0.58459595959595967, 0.53982504604051573, 0.56346673213847287, 0.57050323866467367, 0.51443049129764262, 0.59363683393688571, 0.55817795610101484, 0.58637284701114489, 0.54329969490729868, 0.54350361558199201, 0.63539873780837652, 0.54962013295346634]], [[88, 0.10189544801599963, 0.5008484746493213], 0.5555555555555556, [0.66610691295829827, 0.68854380310577201, 0.67544604927782492, 0.65584946823016088, 0.65004088307440722, 0.6685314685314685, 0.66890568150013996, 0.64754981152396329, 0.69784382284382296, 0.65373961218836563, 0.64832214765100671, 0.61628201876743582, 0.70678271308523388, 0.68758915834522116, 0.69910179640718551, 0.66178502348715107, 0.69835680751173712, 0.63400576368876072, 0.69584569732937684, 0.64302725588780096, 0.7009207009207008, 0.6598161168199026, 0.66888182606183177, 0.63835470085470092, 0.64710610932475887]], [[63.5, 0.4843072640851323, 0.1779711892305339], 0.4444444444444444, [0.54370034052213401, 0.58779389694847428, 0.61020036429872493, 0.59560327198364005, 0.64191054665930436, 0.6186666666666667, 0.56376638855780681, 0.61312158292111429, 0.5962264150943396, 0.60582624387728801, 0.68195534097767052, 0.59482329517172705, 0.55802526906878802, 0.57256509161041458, 0.61802232854864425, 0.56024378809188935, 0.59180576631259485, 0.63260340632603418, 0.56096981221773234, 0.63844456701599561, 0.59626073774633648, 0.59887869520897052, 0.63043478260869568, 0.58079567779960706, 0.54997717937015067]], [[74.2, 0.9278223203244532, 0.7549125740423429], 0.3333333333333333, [0.54578375581996896, 0.52365697387875798, 0.52637947725072609, 0.49251731069912885, 0.54984583761562178, 0.51493428912783745, 0.51778369223324461, 0.50116822429906538, 0.53566958698372968, 0.55643251775848468, 0.50402271651680075, 0.56403269754768393, 0.50724637681159424, 0.54080873232448523, 0.52876376988984086, 0.55925432756324911, 0.51321378008494578, 0.51330798479087458, 0.542184265010352, 0.51675318546484195, 0.53539710733316426, 0.52304752806305232, 0.55979978925184404, 0.49572452045296977, 0.4961475601214102]], [[88.0, 0.3781938161998557, 0.1], 0.4444444444444444, [0.68202080237741458, 0.68661971830985924, 0.67461471357952896, 0.61244979919678721, 0.65684384467088952, 0.6724137931034484, 0.65818893236444942, 0.65276273022751907, 0.68194925028835052, 0.63546929008242503, 0.65500406834825065, 0.65578306585500823, 0.66122678671918966, 0.68295554901383582, 0.63400961025093427, 0.65038419319429197, 0.6920311563810666, 0.67050359712230212, 0.61645569620253171, 0.64164648910411626, 0.68162083936324158, 0.66428571428571437, 0.6157383750638733, 0.66770186335403725, 0.63607085346215775]], [[61, 0.47990491802444557, 0.12613670881738115], 0.4444444444444444, [0.4432951606944957, 0.47282500497710539, 0.4441696785238729, 0.44133872747333575, 0.46474677259185698, 0.47254277755670515, 0.43197705682021875, 0.44996194824961949, 0.46161321671525746, 0.44739797828528638, 0.44570051890289092, 0.44430075743580272, 0.45436855419342281, 0.43414544788422793, 0.44016378187232463, 0.43026174256005734, 0.46637309847878311, 0.44158233670653169, 0.46474990153603779, 0.45171045171045165, 0.4782342121397915, 0.43040456246658354, 0.45534665099882482, 0.43268371178258536, 0.46385660823320862]], [[61, 0.4940988342855148, 0.5462310172436656], 0.4444444444444444, [0.48284364084651732, 0.56099397590361444, 0.53196399723055621, 0.53500351205806607, 0.55770626663440603, 0.54286387187941587, 0.56663301362948004, 0.53981264637002346, 0.51007005253940463, 0.47560726678914067, 0.48737215612606966, 0.54721030042918462, 0.53167162131260004, 0.57312753036437247, 0.555421686746988, 0.58506442282408622, 0.46226787830896876, 0.56985753561609598, 0.49096948308075555, 0.52715291979095658, 0.53780109706653945, 0.48632853266541426, 0.4976605699702254, 0.54814455493572645, 0.59009483667017915]], [[56, 0.8626903632435095, 0.7873971570789526], 0.4444444444444444, [0.41175386882829779, 0.42471404462778917, 0.36950194049159119, 0.42461175545508162, 0.42258859200303206, 0.43347556245151286, 0.39639951531936995, 0.39327819813478798, 0.40889132821075741, 0.43901001767825582, 0.41369211056196226, 0.37679722359940504, 0.4028224365844944, 0.45552444540167997, 0.39591764912898125, 0.45796737766624851, 0.37457156846743922, 0.3926563598032326, 0.44794188861985468, 0.40117941386704786, 0.4715762273901809, 0.42022386643900589, 0.4096541520251526, 0.39210572074421846, 0.40007018775223718]], [[100, 0.24644483160038053, 0.383158826128405], 0.5555555555555556, [0.61321972631035371, 0.48601184398611391, 0.6102617258357087, 0.59691912708600769, 0.61111111111111105, 0.60349255264509505, 0.60071120142240286, 0.57669008965350144, 0.6088992974238876, 0.64337215751525245, 0.63319946452476583, 0.60466307968229571, 0.56876061120543298, 0.6051612903225807, 0.57772337821297426, 0.60173380928097897, 0.60305343511450371, 0.6256641870350691, 0.60015290519877673, 0.57454545454545458, 0.58860441767068272, 0.59364133134624941, 0.64762443438914041, 0.6117864693446089, 0.55131761442441052]], [[50, 0.7365024127131672, 0.42246752846206675], 0.4444444444444444, [0.52579145450520259, 0.55790960451977412, 0.59690119380238771, 0.54252873563218396, 0.527068661971831, 0.55568526733597945, 0.57425018288222374, 0.5850528434826372, 0.51779588336192106, 0.55736940298507465, 0.52665941240478786, 0.52545335372514745, 0.56056543992200836, 0.5425017277125086, 0.53965750337990093, 0.57668711656441718, 0.54450867052023122, 0.51101783840503667, 0.55257009345794383, 0.56804592202822302, 0.57613168724279828, 0.52367444905084004, 0.56177100690311832, 0.57267653482164516, 0.54011299435028248]], [[65.5, 1, 0.1870590666591916], 0.3333333333333333, [0.55195584353251737, 0.58377659574468088, 0.55569337633341598, 0.51468939224041255, 0.57034220532319402, 0.59934318555008204, 0.52230182574532003, 0.54461319411485531, 0.55378192534381143, 0.56733167082294256, 0.58956014838367787, 0.59337997847147472, 0.53626269785022451, 0.54250821982151243, 0.55501341790680658, 0.53228825456247086, 0.57072282891315651, 0.59375826500925666, 0.54041462846494293, 0.50131926121372028, 0.55355427473583096, 0.56359102244389025, 0.5760309278350515, 0.50475979632499446, 0.56336260978670016]], [[92.9, 0.39613869189979467, 0.1], 0.5555555555555556, [0.62281409739036853, 0.60891483152029713, 0.62183079797171081, 0.49587628865979377, 0.60953133228014744, 0.56502679006332202, 0.58689024390243905, 0.56594837793038133, 0.6093379055658138, 0.64444444444444438, 0.53095395461555406, 0.62059620596205944, 0.6123804463336876, 0.61097915017154913, 0.60781290156772039, 0.60741687979539638, 0.59958559958559954, 0.6013391707442699, 0.59005410976552441, 0.6196236559139785, 0.60759823054905027, 0.60590232436667546, 0.59441455290801948, 0.62329885683179098, 0.57243558580456977]], [[86, 0.3058859991434074, 0.95074362599853], 0.4444444444444444, [0.54379562043795626, 0.52301731996353695, 0.46847026059279889, 0.51350721937587329, 0.49015410958904115, 0.42229729729729726, 0.56572164948453607, 0.49105240732850447, 0.55075327241294147, 0.53037494067394397, 0.54966724180428883, 0.5074455899198167, 0.47749949093870903, 0.52033080634045481, 0.50174901617839962, 0.51133679735474735, 0.52883492878823257, 0.49537932516655925, 0.46957403651115615, 0.55793991416309019, 0.53234183191690265, 0.55330463408457842, 0.51574012056262564, 0.42886254168210453, 0.48751866865799021]], [[55.2, 0.8131463253017865, 1], 0.4444444444444444, [0.46568086515118073, 0.39919058130978669, 0.38706256627783675, 0.39945652173913043, 0.42013476020610385, 0.354863813229572, 0.45715547703180215, 0.42932758282689665, 0.43259350595972051, 0.3940439440711821, 0.4506858262573481, 0.38978025810952216, 0.42389589905362779, 0.43338036686151993, 0.41053807484639726, 0.41237113402061865, 0.46524417069951601, 0.37735849056603782, 0.41889312977099236, 0.41556976306882287, 0.45835122370115922, 0.38468325392623959, 0.40253447633246364, 0.42975696502667465, 0.43255720594138897]], [[91.8, 0.1, 0.28961865688936234], 0.5555555555555556, [0.65907813378302427, 0.61970338983050843, 0.53914002205071665, 0.64018564018564017, 0.57883264713005567, 0.63553652662563553, 0.52184204863352701, 0.67922874671340927, 0.64754098360655743, 0.66141289051505758, 0.64396028681742978, 0.5384442446043165, 0.59894525364138629, 0.67304902814041201, 0.5834148727984344, 0.59565434565434561, 0.54983996342021035, 0.59022556390977454, 0.67146974063400577, 0.58184923151988288, 0.6758321273516642, 0.69876245095079981, 0.62914786302097148, 0.50349362926428276, 0.5997001499250374]], [[79.6, 0.1, 0.1], 0.6666666666666666, [0.60640160040010005, 0.68655851680185409, 0.64205457463884441, 0.52768166089965396, 0.64274236743438662, 0.62451612903225806, 0.59715868047194798, 0.66937973617737867, 0.67890442890442881, 0.60724163942670351, 0.59497683491831266, 0.69269151746404445, 0.68061284619917495, 0.6040268456375838, 0.58837890625, 0.65270601033451181, 0.64926372155287815, 0.63673469387755111, 0.58201701093560143, 0.59705159705159705, 0.62805662805662799, 0.63636363636363646, 0.58851905451037145, 0.6853672643146328, 0.60495991983967934]], [[61, 0.4940988342855148, 0.5462310172436656], 0.4444444444444444, [0.50604229607250761, 0.53421232098204141, 0.54421768707482998, 0.56417312984738555, 0.52320392681838468, 0.59361353711790388, 0.48340548340548339, 0.53374655647382918, 0.49385288601792043, 0.54695062923523718, 0.54450642735871935, 0.57015369360436285, 0.4936338968900022, 0.52821670428893908, 0.54013065795613635, 0.589622641509434, 0.44989581360106085, 0.5035737491877843, 0.51451187335092352, 0.54505135387488324, 0.56575682382133996, 0.45334838224228741, 0.52985414767547856, 0.56860321384425216, 0.54925156929019792]], [[50, 1, 0.8304978043208403], 0.3333333333333333, [0.52126874846324067, 0.46303986710963463, 0.41183924692251989, 0.50571359105275959, 0.45860389610389607, 0.49133606931144558, 0.40459363957597178, 0.47990336042169995, 0.4953917050691245, 0.47369569962890201, 0.48874669020300093, 0.46023794614902941, 0.42507473841554555, 0.49402950128775458, 0.45540796963946867, 0.41996233521657256, 0.46727004841086089, 0.49101123595505625, 0.51749095295536796, 0.46340951981547496, 0.48490901020861077, 0.44871794871794873, 0.48724954462659381, 0.43407435799156768, 0.50230414746543772]], [[100, 0.24644483160038053, 0.383158826128405], 0.5555555555555556, [0.69225928256765257, 0.5806130077248941, 0.62225274725274715, 0.6104957805907173, 0.62806539509536796, 0.61450279925353246, 0.55902861264727099, 0.69574734208880551, 0.61272584446190104, 0.65431383902721485, 0.63766891891891886, 0.62115127175368134, 0.60228452751817241, 0.62432723358449949, 0.68147246729540623, 0.64070351758793975, 0.62585969738651992, 0.59101353076333929, 0.64041479820627811, 0.64231738035264485, 0.60275396206806964, 0.64443188241944593, 0.69803677157993149, 0.67341549295774639, 0.61636556854410196]], [[83, 0.8098510160219619, 0.1844736280968114], 0.3333333333333333, [0.56575308021121451, 0.55515844650941149, 0.59486780715396581, 0.56052696992294315, 0.5608974358974359, 0.54415274463007157, 0.59317515329245529, 0.56151035322777099, 0.53505106778087275, 0.59427828348504552, 0.49904234943605019, 0.57860824742268047, 0.5961844197138314, 0.5800201308505285, 0.53529686769518459, 0.55502277631263486, 0.5666251556662516, 0.57274769153980531, 0.57256659198406767, 0.55870744943265904, 0.56681200307771218, 0.54257288292457195, 0.53118574366004112, 0.58948486457780136, 0.58157488419969117]], [[51.04, 0.6265320154695179, 0.23991019295762997], 0.4444444444444444, [0.6059063136456212, 0.59768637532133684, 0.60004959087527898, 0.6413466889259879, 0.5646651270207852, 0.50661703887510334, 0.62906724511930578, 0.60956790123456794, 0.64184495693248145, 0.55684186154202364, 0.57526366251198469, 0.5971457185778668, 0.57132718239886437, 0.59923664122137399, 0.62890518880738933, 0.57833089311859442, 0.52849967241755835, 0.56845380564863568, 0.59950248756218905, 0.64877910278251016, 0.61371841155234663, 0.53890235838659906, 0.58728981206726016, 0.62269615587151117, 0.61288632792037712]], [[88, 0.10189544801599963, 0.5008484746493213], 0.5555555555555556, [0.60547379292538084, 0.64615384615384619, 0.53665823948517588, 0.61558784676354028, 0.52151954325867367, 0.61364234922307082, 0.52308024158757549, 0.56245605812045929, 0.66029539530842751, 0.57836755132699058, 0.63876651982378851, 0.54576659038901598, 0.5526992287917738, 0.57572743098731649, 0.62416107382550334, 0.61585528065974993, 0.625, 0.56424845898530107, 0.59371069182389935, 0.5808457711442786, 0.58728582071020607, 0.60170807453416153, 0.60874089490114469, 0.61481870730425636, 0.60956589550298923]], [[86, 0.3058859991434074, 0.95074362599853], 0.5555555555555556, [0.51815766164747568, 0.55095075572891272, 0.61179698216735245, 0.6116083536750746, 0.59539387594870452, 0.54105363075462742, 0.61626607043040804, 0.62587904360056268, 0.57017543859649134, 0.55381274131274139, 0.46511627906976744, 0.59288008565310502, 0.52681091251175927, 0.60965848452508009, 0.55236728837876614, 0.6083287969515514, 0.59978626769970622, 0.49633146309883475, 0.55972861642839844, 0.64250649725671383, 0.58184639255236614, 0.58223599277046223, 0.57963580405232107, 0.53908045977011498, 0.62413314840499312]], [[95, 0.1275309847301982, 0.12290127489411473], 0.5555555555555556, [0.60346964064436193, 0.64195541230190711, 0.59757004711133155, 0.57660033565092295, 0.69848484848484849, 0.70045385779122538, 0.59846989141164864, 0.63714902807775375, 0.65004088307440722, 0.61352778476238368, 0.6262966804979252, 0.63074901445466491, 0.56516724336793533, 0.66515709029153713, 0.67329873125720863, 0.60221674876847298, 0.62806926854484357, 0.62193548387096764, 0.67571511967308806, 0.63864187550525464, 0.62799361362426842, 0.60090702947845809, 0.61358374067404164, 0.66761363636363646, 0.61557788944723613]], [[91.8, 0.1, 0.28961865688936234], 0.6666666666666666, [0.7195799876466954, 0.67479444286929402, 0.71254567600487217, 0.69292271246668635, 0.64662054284193726, 0.68919716646989371, 0.64088841316564094, 0.66011624688624404, 0.6811717861205917, 0.6930547380812242, 0.58845029239766089, 0.65763753141580561, 0.7233778329711269, 0.68925233644859807, 0.65872363735962758, 0.66481994459833793, 0.67111237230419973, 0.69534472598703589, 0.66750629722921906, 0.70763221153846145, 0.6747503566333809, 0.73580716777672062, 0.68463534159700201, 0.64809782608695665, 0.67410966647823634]], [[63.5, 0.4843072640851323, 0.1779711892305339], 0.4444444444444444, [0.4683281412253375, 0.41076003415883855, 0.40157211209842791, 0.44773213938096174, 0.41139804096170973, 0.35059875919780692, 0.41360787824529988, 0.46878262685320526, 0.41100917431192663, 0.43209876543209874, 0.44374762447738514, 0.40680343678765551, 0.46311309282529389, 0.42835481425322214, 0.37787868958806353, 0.3932584269662921, 0.46260045332783845, 0.42319466954799212, 0.4359925788497217, 0.39640860579366427, 0.41210224308815863, 0.46967769296013567, 0.38548569581380315, 0.41980624327233584, 0.46561168594035302]], [[61, 0.4940988342855148, 0.5462310172436656], 0.4444444444444444, [0.59740259740259738, 0.59917355371900827, 0.55974546311572004, 0.53189141469874202, 0.64311849141570498, 0.63781961225063222, 0.51621160409556321, 0.58734560120998247, 0.5215394708069101, 0.65415077735406268, 0.60025542784163477, 0.56831922611850072, 0.61194818926777694, 0.61577676415347471, 0.57658561042867884, 0.51942476926379055, 0.58890867463749685, 0.6020671834625323, 0.63854377347587421, 0.5565971408483712, 0.59276366435719774, 0.61273209549071617, 0.62023939064200218, 0.55363321799307952, 0.58013765978367748]]]}}
{'SE3': {7: [[95, 0.1275309847301982, 0.12290127489411473], [0.6666666666666666, [0.57646498332539309, 0.72560596643878184, 0.59645620164711755, 0.72477350827866294, 0.68018406672418774, 0.73445431472081213, 0.67403001982441224, 0.6607991058955015, 0.64658634538152615, 0.69347319347319347, 0.67217317003702648, 0.66234498308906431, 0.59760956175298807, 0.69815195071868574, 0.65174825174825179, 0.7305095150399018, 0.69670916098428703, 0.60405202601300645, 0.67779680365296802, 0.71893399442206374, 0.68658892128279891, 0.64498644986449871, 0.67901234567901225, 0.68084499000856424, 0.59907834101382484]]]}}

Total Runtime: --- 277360.900807 seconds ---


------------------------------------------------------------
Sender: LSF System <lsfadmin@n2g2-10>
Subject: Job 565022: </share2/aagrawa8/miniconda2/bin/python2.7 DE_topics.py _topics SE3> Done

Job </share2/aagrawa8/miniconda2/bin/python2.7 DE_topics.py _topics SE3> was submitted from host <login01.hpc.ncsu.edu> by user <aagrawa8> in cluster <henry2>.
Job was executed on host(s) <8*n2g2-10>, in queue <shared_memory>, as user <aagrawa8> in cluster <henry2>.
</home/aagrawa8> was used as the home directory.
</home/aagrawa8/topics_de> was used as the working directory.
Started at Thu Oct 20 14:25:14 2016
Results reported at Sun Oct 23 19:28:12 2016

Your job looked like:

------------------------------------------------------------
# LSBATCH: User input
/share2/aagrawa8/miniconda2/bin/python2.7 DE_topics.py _topics SE3
------------------------------------------------------------

Successfully completed.

Resource usage summary:

    CPU time   : 277412.06 sec.
    Max Memory :       718 MB
    Max Swap   :      1268 MB

    Max Processes  :         3
    Max Threads    :         4

The output (if any) is above this job summary.



PS:

Read file <./err/SE3.err.565022> for stderr output of this job.

