0.719915922228
0.747154873825
0.714676889376
0.508373205742
0.845225027442
0.641135972461
0.768049155146
0.630727762803
0.775552131484
0.742289597491
0.663496376812
0.718177315503
0.609243697479
0.676516329705
0.537572254335
0.70434298441
0.814834867352
0.661180476731
0.591264936135
0.746113989637
0.641711229947
0.786163522013
0.690319031903
0.695784662265
0.829187396352
0.699617956065
0.781718281718
0.441732054635
0.679499072356
0.839612486545
0.706340378198
0.80890052356
0.659154929577
0.699119627136
0.826110509209
0.824175824176
0.815130527437
0.631911532385
0.52984729292
0.82268370607
[88, 0.10189544801599963, 0.5008484746493213] -> [0.6666666666666666, [0.85345773874862785, 0.84972677595628399, 0.83425414364640893, 0.83833970507919175, 0.86216364634816023, 0.84487534626038774, 0.84750411409764126, 0.84675180455302612, 0.84787350054525623, 0.84983498349834985, 0.8388888888888888, 0.8342450765864331, 0.84574468085106391, 0.84017515051997804, 0.8476454293628809, 0.84347345132743368, 0.845771144278607, 0.82696506550218352, 0.84956709956709953, 0.85170893054024255, 0.83193746510329425, 0.84383561643835614, 0.8431163287086445, 0.82970620239390636, 0.84522502744237105]]
{'SE6': {7: [0.6666666666666666, [0.85345773874862785, 0.84972677595628399, 0.83425414364640893, 0.83833970507919175, 0.86216364634816023, 0.84487534626038774, 0.84750411409764126, 0.84675180455302612, 0.84787350054525623, 0.84983498349834985, 0.8388888888888888, 0.8342450765864331, 0.84574468085106391, 0.84017515051997804, 0.8476454293628809, 0.84347345132743368, 0.845771144278607, 0.82696506550218352, 0.84956709956709953, 0.85170893054024255, 0.83193746510329425, 0.84383561643835614, 0.8431163287086445, 0.82970620239390636, 0.84522502744237105]]}}
{'SE6': {7: [[[56, 0.8626903632435095, 0.7873971570789526], 0.4444444444444444, [0.72020725388601026, 0.71532141130981142, 0.71461824953445063, 0.72113080977479638, 0.73604060913705582, 0.70497906002791999, 0.72358900144717808, 0.73201621073961509, 0.71991592222806089, 0.73151950718685843, 0.71870537839124227, 0.70469798657718119, 0.71931589537223339, 0.72227626459143979, 0.74175824175824168, 0.69438099588853364, 0.70406278855032312, 0.71893787575150303, 0.73989898989898983, 0.71545157780195867, 0.72105263157894739, 0.72135416666666674, 0.70276497695852536, 0.73065173116089621, 0.71122740247383442]], [[63, 0.5458915783827468, 0.5045419583098644], 0.4444444444444444, [0.73945541911372137, 0.7626680455015511, 0.76177285318559551, 0.74686716791979957, 0.7226045526733722, 0.7373632100052111, 0.73792729245794897, 0.73184357541899436, 0.72972972972972971, 0.76718167288225902, 0.74715487382483914, 0.75902335456475567, 0.76543850544888425, 0.7289972899728997, 0.73006465517241381, 0.75079030558482618, 0.76132771338250793, 0.74162679425837319, 0.76110509209100741, 0.73241671073506087, 0.7573333333333333, 0.76248671625929876, 0.72943610967408179, 0.74738003309431877, 0.7517204870301748]], [[83, 0.8098510160219619, 0.1844736280968114], 0.5555555555555556, [0.70555555555555549, 0.71545603495357735, 0.73275862068965514, 0.72259136212624586, 0.69243604004449388, 0.72905027932960897, 0.74781659388646293, 0.69933920704845809, 0.68888888888888888, 0.69877505567928722, 0.70038910505836582, 0.71546052631578949, 0.73230938014262204, 0.70987654320987648, 0.71001088139281832, 0.69708846584546469, 0.71928879310344818, 0.71467688937568463, 0.71663920922570024, 0.69832402234636859, 0.70170610897083108, 0.72255929398786534, 0.67415730337078639, 0.7411504424778762, 0.71740316421167483]], [[51, 0.8521885935278827, 0.489490361114548], 0.5555555555555556, [0.50357008643367163, 0.50020008003201277, 0.5395528804815134, 0.51969143321153066, 0.50181378476420802, 0.51542513167795334, 0.51372896368467669, 0.51127527216174184, 0.49813432835820898, 0.51326412918108422, 0.50140745953553845, 0.48736462093862815, 0.52782324058919805, 0.52270947533281131, 0.52023121387283244, 0.52115812917594651, 0.50837320574162681, 0.52008608321377325, 0.4911267024349979, 0.48349449816605533, 0.50553223960320492, 0.49148332150461321, 0.5038918476034413, 0.50689526649273198, 0.51488833746898266]], [[88, 0.10189544801599963, 0.5008484746493213], 0.6666666666666666, [0.85345773874862785, 0.84972677595628399, 0.83425414364640893, 0.83833970507919175, 0.86216364634816023, 0.84487534626038774, 0.84750411409764126, 0.84675180455302612, 0.84787350054525623, 0.84983498349834985, 0.8388888888888888, 0.8342450765864331, 0.84574468085106391, 0.84017515051997804, 0.8476454293628809, 0.84347345132743368, 0.845771144278607, 0.82696506550218352, 0.84956709956709953, 0.85170893054024255, 0.83193746510329425, 0.84383561643835614, 0.8431163287086445, 0.82970620239390636, 0.84522502744237105]], [[86, 0.3058859991434074, 0.95074362599853], 0.7777777777777778, [0.63811563169164887, 0.59877800407331971, 0.65825067628494149, 0.66768160069595472, 0.62370921106980592, 0.57210316018888485, 0.68340306834030673, 0.66090712742980562, 0.58616647127784283, 0.71611253196930946, 0.60883406287306019, 0.62601296596434353, 0.67059851463521181, 0.64040492957746475, 0.65150176678445237, 0.59647103950901414, 0.70909970958373658, 0.58769002595476461, 0.6581311769991014, 0.64113597246127374, 0.66888888888888887, 0.592255125284738, 0.65441506051098175, 0.68518518518518523, 0.60618066561014261]], [[95, 0.1275309847301982, 0.12290127489411473], 0.6666666666666666, [0.77995867768595051, 0.75710594315245483, 0.7577293461733402, 0.76287657920310981, 0.77105263157894732, 0.76266934269944808, 0.78174186778593924, 0.73558648111332015, 0.79598145285935085, 0.7477567298105684, 0.74295269947443865, 0.77731092436974802, 0.77160493827160492, 0.78238341968911918, 0.77620967741935487, 0.75757575757575746, 0.77885597548518892, 0.75102880658436211, 0.77322262584327983, 0.74839980305268339, 0.76417004048582993, 0.7680491551459292, 0.77915376676986581, 0.75619625695498238, 0.77721518987341776]], [[77, 0.9452342465006595, 0.4430838139193912], 0.5555555555555556, [0.63072776280323462, 0.64185544768069036, 0.64128256513026061, 0.63702548101924084, 0.614571746384872, 0.6278481012658228, 0.60427206295671732, 0.63865954346770282, 0.6283566058002148, 0.63621076233183849, 0.6204173716864072, 0.64077669902912626, 0.6345733041575492, 0.63913729615991577, 0.60889338049519959, 0.62015503875969002, 0.62570145903479246, 0.63694267515923564, 0.62866927592954991, 0.6484069312465065, 0.63206577595066804, 0.62564366632337798, 0.61551433389544685, 0.62565997888067582, 0.6361185983827492]], [[61, 0.47990491802444557, 0.12613670881738115], 0.5555555555555556, [0.77969649398220819, 0.76690211907164485, 0.77568667344862674, 0.77186512118018957, 0.7676130389064143, 0.76715289032955147, 0.79521276595744683, 0.76455696202531653, 0.78166401695813448, 0.76635047428856717, 0.76504149377593356, 0.77912254160363092, 0.77822990844354023, 0.78256302521008414, 0.76740506329113922, 0.77638190954773867, 0.79112271540469981, 0.77020843924758509, 0.75976457998929903, 0.7818277865821448, 0.77196546470289484, 0.77760891590678827, 0.77365394668060639, 0.78919769271106455, 0.77555213148433488]], [[61, 0.4940988342855148, 0.5462310172436656], 0.5555555555555556, [0.74174470182355823, 0.73985042735042739, 0.749730312837109, 0.73441734417344184, 0.74709609292502643, 0.74919441460794844, 0.74228959749085199, 0.76163967611336036, 0.73268921095008055, 0.73111944295661491, 0.74619289340101524, 0.73841961852861027, 0.73975518893028203, 0.75696202531645573, 0.73655913978494614, 0.7559339525283798, 0.75013347570742117, 0.74220813523507667, 0.73704103671706256, 0.73195355880868262, 0.75132275132275128, 0.73770491803278693, 0.7495926127104835, 0.74490329325666504, 0.7568565400843883]], [[56, 0.8626903632435095, 0.7873971570789526], 0.5555555555555556, [0.6890632663070132, 0.608763086467623, 0.69498069498069492, 0.68261086198305931, 0.62959934587080946, 0.5524475524475525, 0.71570576540755459, 0.66349637681159412, 0.6867057673509287, 0.67487460100319208, 0.65973791233619539, 0.68641975308641978, 0.65027094622759485, 0.65972222222222221, 0.69193154034229831, 0.65623641894828333, 0.60749506903353057, 0.66753926701570676, 0.63197026022304836, 0.69900886802295259, 0.62276874256247539, 0.64466105449711997, 0.68476095617529875, 0.70308672219500246, 0.65004262574595051]], [[63, 0.5458915783827468, 0.5045419583098644], 0.5555555555555556, [0.73133570340274257, 0.72519083969465659, 0.70148489503328204, 0.71960297766749393, 0.72315035799522676, 0.70226196738558666, 0.68988173455978974, 0.71817731550272412, 0.7295373665480428, 0.71577303487766786, 0.71428571428571419, 0.72310859495625313, 0.72762087123025376, 0.7061379684953828, 0.7185778668002003, 0.70444915254237295, 0.69777979157226999, 0.72391412880678985, 0.73065173116089621, 0.71428571428571441, 0.73749999999999993, 0.69309123117803362, 0.70579110651499477, 0.70762052877138415, 0.7294911734164069]], [[83, 0.8098510160219619, 0.1844736280968114], 0.5555555555555556, [0.61076604554865421, 0.62499999999999989, 0.625, 0.60897435897435892, 0.59725158562367875, 0.6141732283464566, 0.60439560439560447, 0.60836501901140683, 0.59811122770199365, 0.62593144560357683, 0.60924369747899154, 0.60000000000000009, 0.58967391304347816, 0.61570035915854271, 0.63313313313313313, 0.60704607046070469, 0.61829330608073585, 0.59630606860158319, 0.62176165803108818, 0.65137130801687759, 0.62244897959183676, 0.61761546723952732, 0.59808612440191389, 0.60660815694372749, 0.60302866414277989]], [[51, 0.8521885935278827, 0.489490361114548], 0.5555555555555556, [0.68833162743091103, 0.67763794772507269, 0.67651632970451014, 0.68240788790866624, 0.66716641679160404, 0.67229038854805734, 0.67110655737704916, 0.65438681531749887, 0.68499999999999994, 0.66817952597075125, 0.69337442218798151, 0.69280078895463504, 0.65724206349206349, 0.66008316008316004, 0.67520080321285125, 0.67992145311732943, 0.67970660146699258, 0.6481025135534747, 0.66595631326584981, 0.67898022892819987, 0.6626806178375686, 0.67546583850931674, 0.68170426065162903, 0.68181818181818177, 0.6789178152118428]], [[50, 0.9945164829837634, 0.5912838263467677], 0.4444444444444444, [0.51490514905149054, 0.53757225433526012, 0.54643789630734796, 0.53346855983772823, 0.5483234714003945, 0.5056179775280899, 0.54791830322073842, 0.55265273311897101, 0.53611317944899484, 0.53591575780368561, 0.53873873873873879, 0.54613156805957797, 0.54158215010141986, 0.48376930349826658, 0.52196836555360282, 0.50548719654140339, 0.54351886440044828, 0.54212011285771866, 0.54647160068846812, 0.52011095700416088, 0.56685417568152308, 0.51480959097320167, 0.54245283018867918, 0.52574329224075422, 0.51780523255813948]], [[80.5, 0.6872201762300632, 0.27426751603469035], 0.4444444444444444, [0.68258426966292141, 0.72791712104689199, 0.65819861431870674, 0.70598006644518274, 0.72234156820622986, 0.67269643866591289, 0.71073008849557517, 0.72125813449023868, 0.71150639244024461, 0.70434298440979948, 0.72123176661264188, 0.6902356902356902, 0.70068746694870443, 0.69248162803843982, 0.67159931701764364, 0.65241844769403823, 0.69166666666666665, 0.72687224669603534, 0.71114772103239976, 0.71192052980132459, 0.70403092214246277, 0.70491803278688525, 0.70096099491237984, 0.7243624525230602, 0.67974971558589303]], [[95, 0.1275309847301982, 0.12290127489411473], 0.6666666666666666, [0.80508474576271183, 0.82539682539682524, 0.80627407815079788, 0.82308925708177438, 0.80797481636935986, 0.80697050938337811, 0.82169709989258866, 0.80984110712455148, 0.79619565217391308, 0.82381729200652543, 0.8239095315024233, 0.80223880597014929, 0.82305630026809651, 0.82849604221635875, 0.83018867924528306, 0.80551139374668779, 0.82618025751072977, 0.78904991948470204, 0.80717488789237668, 0.81298701298701292, 0.81483486735246335, 0.81432360742705567, 0.815528921313184, 0.819270549809472, 0.82302313071543831]], [[77, 0.9452342465006595, 0.4430838139193912], 0.5555555555555556, [0.64894225271583761, 0.65826330532212884, 0.66981656475819884, 0.6630620375640297, 0.66032456631225511, 0.69939659901261664, 0.66118047673098757, 0.6623449830890642, 0.63044741429401507, 0.65388951521984207, 0.64175698802053616, 0.6696428571428571, 0.6702187324733595, 0.64387464387464388, 0.6702488687782806, 0.67859170925610446, 0.65242165242165251, 0.64820102798400903, 0.69317571198280503, 0.61031518624641823, 0.61489607390300238, 0.64820102798400903, 0.67901234567901236, 0.68347338935574242, 0.66830332787779589]], [[61, 0.47990491802444557, 0.12613670881738115], 0.5555555555555556, [0.59419014084507038, 0.59110169491525422, 0.58774139378673396, 0.59414225941422594, 0.59465020576131689, 0.5813475760065735, 0.59002169197396959, 0.59126493613514619, 0.59991550485847067, 0.58464223385689351, 0.57909604519774005, 0.60525235945835043, 0.59565217391304359, 0.59090909090909094, 0.5981794538361509, 0.57622321067529314, 0.59508408796895218, 0.5770020533880903, 0.58394160583941601, 0.6014873140857393, 0.58697514995715505, 0.59579939991427344, 0.59938971229293803, 0.57363710333604556, 0.59493670886075956]], [[61, 0.4940988342855148, 0.5462310172436656], 0.5555555555555556, [0.76647930505876338, 0.72238658777120313, 0.74029126213592233, 0.74222936763129688, 0.73800738007380062, 0.73745565129244806, 0.7461139896373058, 0.75867426204039357, 0.75619625695498238, 0.75285565939771548, 0.7501349163518618, 0.75373134328358216, 0.7578125, 0.74237954768928227, 0.70726379027853636, 0.75904228222109005, 0.76455026455026465, 0.73260073260073255, 0.74473549049820242, 0.76671694318753147, 0.73919449901768164, 0.76668364747834949, 0.75928917609046853, 0.72654155495978545, 0.73059360730593614]], [[56, 0.8626903632435095, 0.7873971570789526], 0.5555555555555556, [0.63186813186813195, 0.62368310155920781, 0.64705882352941191, 0.65924276169265039, 0.59152215799614649, 0.62194127243066877, 0.63973799126637554, 0.66318926974664671, 0.67035079288803456, 0.57869517139697746, 0.65737051792828693, 0.60765924189136389, 0.64171122994652396, 0.65957446808510634, 0.6082725060827251, 0.54174950298210744, 0.58486238532110091, 0.64553447478019432, 0.64546304957904577, 0.67788223651657586, 0.615866388308977, 0.6427465152297368, 0.4788321167883211, 0.64986123959296949, 0.66508313539192399]], [[51.8, 0.2201610484493971, 0.2826789847384573], 0.6666666666666666, [0.79778830963665082, 0.79784504874294504, 0.78919491525423724, 0.79127234490010512, 0.75909961685823746, 0.81081081081081086, 0.77303487766788137, 0.78101828966880871, 0.78578578578578573, 0.78892371995820276, 0.80223880597014929, 0.78431372549019607, 0.79803719008264451, 0.79680247550283634, 0.7809278350515465, 0.78396322778345251, 0.78406169665809755, 0.79115610015982962, 0.75286806883365187, 0.78616352201257866, 0.80158730158730163, 0.79646017699115035, 0.75214899713467054, 0.78189300411522644, 0.78274760383386588]], [[83, 0.8098510160219619, 0.1844736280968114], 0.4444444444444444, [0.67977528089887629, 0.68307522123893805, 0.69747899159663862, 0.69031903190319044, 0.69596069868995636, 0.68156424581005592, 0.6938202247191011, 0.69451980466630492, 0.69309600862998932, 0.67226890756302515, 0.69880823401950165, 0.70731707317073178, 0.6960621186910706, 0.67491563554555689, 0.66401816118047663, 0.68244358833241603, 0.68539325842696641, 0.66897347174163768, 0.70372398685651694, 0.70005385029617662, 0.70121951219512191, 0.68181818181818188, 0.70103655210038196, 0.67340067340067344, 0.68435754189944142]], [[51, 0.8521885935278827, 0.489490361114548], 0.5555555555555556, [0.69026104417670686, 0.6973293768545995, 0.69069069069069067, 0.69989395546129374, 0.6934886183165696, 0.70203644158628087, 0.68431568431568435, 0.66990291262135915, 0.69301848049281323, 0.71800208116545272, 0.70233265720081139, 0.70496083550913846, 0.69578466226510916, 0.68568568568568566, 0.70157068062827233, 0.71277719112988391, 0.69101418812401472, 0.70468127490039845, 0.69657907783837381, 0.68567026194144853, 0.67104645706241206, 0.69451434323100147, 0.6632924880127864, 0.69852941176470584, 0.70745216515609266]], [[88, 0.10189544801599963, 0.5008484746493213], 0.6666666666666666, [0.83199141170155666, 0.82832148715144882, 0.82093663911845738, 0.83559413998914811, 0.83013698630136978, 0.82414553472987873, 0.82918739635157546, 0.82638164754953081, 0.8160983789826719, 0.82924168030551015, 0.82722513089005212, 0.84487534626038785, 0.81666666666666654, 0.8314855875831485, 0.82692307692307698, 0.84190579317812664, 0.83103257868580882, 0.81860706860706867, 0.83517699115044242, 0.82964601769911495, 0.84054054054054073, 0.82745523602821491, 0.81661092530657753, 0.82967032967032983, 0.82792207792207795]], [[86, 0.3058859991434074, 0.95074362599853], 0.7777777777777778, [0.7142857142857143, 0.70494864612511676, 0.62350597609561742, 0.74904319300164013, 0.71119654012493994, 0.60254491017964074, 0.74944690265486735, 0.69674067076051016, 0.64985036340316371, 0.67610062893081757, 0.69961795606494737, 0.74361542313470208, 0.68870523415977958, 0.59344894026974959, 0.74902179988820572, 0.7558455682436106, 0.61993517017828215, 0.69036697247706424, 0.736163353036002, 0.66021505376344092, 0.75411577270313324, 0.74986890403775552, 0.7501349163518618, 0.58012093726379443, 0.59830704116968059]], [[100, 0.1, 0.1], 0.6666666666666666, [0.7811678064176748, 0.7700050327126321, 0.79042224510813597, 0.7844690966719492, 0.78030303030303028, 0.78524836929252384, 0.77783558792924046, 0.7856371490280778, 0.79466666666666674, 0.79274611398963735, 0.80696202531645567, 0.78822911192853384, 0.78171828171828173, 0.77563070316693516, 0.77486910994764391, 0.7646448937273197, 0.77162092180217501, 0.80275229357798172, 0.7804503582395087, 0.79778830963665093, 0.78534031413612559, 0.79315707620528786, 0.78125000000000011, 0.7800650054171181, 0.76042726347914547]], [[77, 0.9452342465006595, 0.4430838139193912], 0.4444444444444444, [0.54214223002633888, 0.40071465033180192, 0.43215090090090091, 0.4011569416498994, 0.40514905149051489, 0.47246660149885955, 0.40401441070509525, 0.48834628190898999, 0.45846153846153842, 0.53020961775585695, 0.50695825049701793, 0.46839910170035293, 0.488826815642458, 0.413322632423756, 0.37744641192917056, 0.50286806883365198, 0.43719737966391342, 0.46252743806836005, 0.43056743655546048, 0.39980497318381275, 0.37569573283858998, 0.50273224043715847, 0.44173205463528048, 0.49943883277216611, 0.41280864197530864]], [[61, 0.47990491802444557, 0.12613670881738115], 0.5555555555555556, [0.67528735632183912, 0.68365888518342055, 0.67936060178655389, 0.67708333333333326, 0.68181818181818177, 0.70263788968824947, 0.67912920018930434, 0.65302144249512672, 0.68700512342803921, 0.67019806540764626, 0.68453805648635724, 0.69056785370548612, 0.67977261961155855, 0.68384074941451989, 0.67307692307692313, 0.67812798471824265, 0.67307692307692302, 0.67949907235621521, 0.67293419099455709, 0.66666666666666674, 0.68860877684407107, 0.66699123661148974, 0.68127106403466542, 0.69727891156462585, 0.69191210846189821]], [[95.0, 0.1, 0.24650091804130447], 0.6666666666666666, [0.83559413998914811, 0.84636118598382748, 0.83245243128964064, 0.85298957761930883, 0.84983498349834985, 0.84019769357495877, 0.8381502890173409, 0.84201865057597369, 0.83737210554658048, 0.85372340425531923, 0.84564860426929389, 0.83423035522066746, 0.83333333333333326, 0.84718498659517427, 0.84905660377358505, 0.83333333333333337, 0.85157501334757058, 0.86464088397790062, 0.83961248654467158, 0.80907054871220607, 0.83600427350427353, 0.85504885993485347, 0.8229223248234655, 0.83903208837453958, 0.83378746594005448]], [[56, 0.8626903632435095, 0.7873971570789526], 0.5555555555555556, [0.71671525753158394, 0.70216776625824695, 0.71571571571571579, 0.70916905444126088, 0.70036861506055814, 0.66322136089577943, 0.70775156475686085, 0.69620253164556967, 0.70950788342092685, 0.70634037819799789, 0.72807933194154495, 0.69715142428785615, 0.7029795158286779, 0.70961248112732778, 0.69542668552569531, 0.70787110406761766, 0.72170301142263771, 0.69263059701492524, 0.69614069369809473, 0.69628950984883198, 0.69107662463627539, 0.71867007672634264, 0.70693391115926318, 0.6762749445676276, 0.72378138847858198]], [[51.8, 0.2201610484493971, 0.2826789847384573], 0.6666666666666666, [0.79190158892875451, 0.81432360742705567, 0.81023454157782515, 0.80797481636935986, 0.80483955812730146, 0.80474934036939305, 0.80890052356020947, 0.80459770114942519, 0.80898268398268403, 0.78391959798994981, 0.82928146947595893, 0.79989154013015185, 0.80295826730058106, 0.7963055416874687, 0.79857578840284837, 0.81259925886712558, 0.81157194060419879, 0.81052066559312919, 0.80829015544041438, 0.81833060556464798, 0.82749326145552571, 0.79129049389272454, 0.81495427649273799, 0.81173982020095181, 0.81547307893361209]], [[83, 0.8098510160219619, 0.1844736280968114], 0.5555555555555556, [0.67130919220055707, 0.67259588660366876, 0.65156599552572714, 0.67982456140350878, 0.64470720720720709, 0.67119565217391308, 0.64735945485519586, 0.70616883116883111, 0.66136114160263437, 0.63532763532763536, 0.67731277533039635, 0.66850828729281775, 0.63769751693002263, 0.68611111111111112, 0.65804274465691792, 0.65265486725663713, 0.66143497757847536, 0.6591549295774648, 0.64851207186973614, 0.67656765676567643, 0.65436241610738266, 0.64830272676683365, 0.62998859749144809, 0.65582959641255612, 0.69168900804289557]], [[51, 0.8521885935278827, 0.489490361114548], 0.5555555555555556, [0.69916297390448046, 0.68674062334918118, 0.70355533299949924, 0.68125922282341367, 0.71879936808846767, 0.70404505888376856, 0.70882202957674656, 0.7018442622950819, 0.68526676456191871, 0.69269521410579338, 0.68780487804878054, 0.69911962713619891, 0.68415890142226576, 0.68661971830985913, 0.70220399794976929, 0.69555912252541463, 0.70959595959595956, 0.68842427332993383, 0.69945625308947101, 0.69610389610389611, 0.71179691388750621, 0.7024793388429752, 0.7024793388429752, 0.69395017793594305, 0.6860759493670886]], [[100, 0.1, 0.5087991541236625], 0.6666666666666666, [0.82970620239390636, 0.82929456112008626, 0.8126410835214446, 0.82505518763796926, 0.82611050920910067, 0.82150655021834063, 0.83333333333333326, 0.8157015590200446, 0.82967032967032983, 0.83016820401519265, 0.81713084603258013, 0.81521739130434789, 0.82872928176795568, 0.82783278327832799, 0.83749306711037164, 0.83196046128500822, 0.81722805080066252, 0.82003302146395152, 0.82405345211581282, 0.83113456464379942, 0.82558775287042097, 0.81792717086834732, 0.82378614293507912, 0.83466241360978199, 0.83009439200444191]], [[100, 0.1, 0.3992195609789092], 0.6666666666666666, [0.83150384193194304, 0.73057235923685437, 0.81408140814081409, 0.82164890633763321, 0.82644628099173545, 0.79921480650588894, 0.84107045330420538, 0.82423580786026196, 0.83513513513513504, 0.82417582417582402, 0.82875960482985733, 0.81757508342602891, 0.79686655861696376, 0.83242059145673597, 0.82775919732441461, 0.80957504034427119, 0.82320441988950277, 0.83794247787610621, 0.80444203683640292, 0.81512605042016806, 0.80902586681342858, 0.82777777777777783, 0.82553659878921293, 0.80874316939890711, 0.83468395461912481]], [[95, 0.1275309847301982, 0.12290127489411473], 0.6666666666666666, [0.81044695745826612, 0.81058951965065495, 0.82841823056300257, 0.81813304721030033, 0.81980519480519487, 0.81599999999999995, 0.8127682403433476, 0.80033003300330041, 0.83112758073054516, 0.82258064516129037, 0.81445523193096014, 0.81922446750409605, 0.82454192115491398, 0.82258064516129037, 0.81513052743740011, 0.81163434903047094, 0.7991803278688524, 0.81350304371887106, 0.81144957983193278, 0.80985915492957739, 0.84278768233387358, 0.81566068515497558, 0.81880612783940843, 0.81389039609332614, 0.81395348837209303]], [[77, 0.9452342465006595, 0.4430838139193912], 0.4444444444444444, [0.63191153238546605, 0.6406166932482722, 0.63840920983778127, 0.6207865168539326, 0.57279909706546273, 0.63294637921503594, 0.6335184250378596, 0.58719906048150328, 0.6420545746388443, 0.6097560975609756, 0.65171503957783639, 0.62780269058295968, 0.63218390804597702, 0.64270152505446621, 0.60829241680305524, 0.65197215777262196, 0.60230547550432278, 0.6198118428334255, 0.59196617336152224, 0.63997821350762529, 0.59619815668202758, 0.64455231930960089, 0.63263041065482795, 0.62880886426592786, 0.61296859169199602]], [[100, 0.7450099714185227, 0.1], 0.5555555555555556, [0.52984729291994448, 0.53776290630975165, 0.53999096249435152, 0.51857211770381084, 0.53758325404376783, 0.5204372623574145, 0.53786574870912218, 0.53368121442125238, 0.51368218915026409, 0.531278748850046, 0.54307974335472042, 0.51710578057412504, 0.53229061553985868, 0.47882579403272374, 0.54773427188737345, 0.49422980431510288, 0.53730189408581375, 0.52356020942408366, 0.51748921897460476, 0.51168945743273042, 0.46745867768595034, 0.52736318407960192, 0.5251346499102334, 0.55605786618444841, 0.5470459518599563]], [[95.0, 0.1, 0.24650091804130447], 0.5555555555555556, [0.82938388625592407, 0.82133333333333325, 0.83244111349036387, 0.81246521981079578, 0.82420591456736036, 0.82375478927203061, 0.80753353973168218, 0.82191780821917815, 0.8270676691729324, 0.79639175257731953, 0.82925502990755839, 0.8346709470304976, 0.82268370607028751, 0.82336956521739135, 0.81813304721030033, 0.81783369803063455, 0.81545064377682408, 0.79873883342091434, 0.83687566418703507, 0.82184517497348875, 0.81253319171534766, 0.82033351264120502, 0.82756785524215004, 0.82285401858939311, 0.8346927678085917]]]}}
{'SE6': {7: [[88, 0.10189544801599963, 0.5008484746493213], [0.6666666666666666, [0.85345773874862785, 0.84972677595628399, 0.83425414364640893, 0.83833970507919175, 0.86216364634816023, 0.84487534626038774, 0.84750411409764126, 0.84675180455302612, 0.84787350054525623, 0.84983498349834985, 0.8388888888888888, 0.8342450765864331, 0.84574468085106391, 0.84017515051997804, 0.8476454293628809, 0.84347345132743368, 0.845771144278607, 0.82696506550218352, 0.84956709956709953, 0.85170893054024255, 0.83193746510329425, 0.84383561643835614, 0.8431163287086445, 0.82970620239390636, 0.84522502744237105]]]}}

Total Runtime: --- 68093.0075479 seconds ---


------------------------------------------------------------
Sender: LSF System <lsfadmin@n2g2-11>
Subject: Job 565023: </share2/aagrawa8/miniconda2/bin/python2.7 DE_topics.py _topics SE6> Done

Job </share2/aagrawa8/miniconda2/bin/python2.7 DE_topics.py _topics SE6> was submitted from host <login01.hpc.ncsu.edu> by user <aagrawa8> in cluster <henry2>.
Job was executed on host(s) <8*n2g2-11>, in queue <shared_memory>, as user <aagrawa8> in cluster <henry2>.
</home/aagrawa8> was used as the home directory.
</home/aagrawa8/topics_de> was used as the working directory.
Started at Thu Oct 20 14:25:14 2016
Results reported at Fri Oct 21 09:20:08 2016

Your job looked like:

------------------------------------------------------------
# LSBATCH: User input
/share2/aagrawa8/miniconda2/bin/python2.7 DE_topics.py _topics SE6
------------------------------------------------------------

Successfully completed.

Resource usage summary:

    CPU time   :  68095.41 sec.
    Max Memory :       244 MB
    Max Swap   :       795 MB

    Max Processes  :         3
    Max Threads    :         4

The output (if any) is above this job summary.



PS:

Read file <./err/SE6.err.565023> for stderr output of this job.

