0.29525862069
0.274294670846
0.25466562986
0.291117722057
0.257478227944
0.256916996047
0.342052313883
0.266918873476
0.271095838106
0.237744194619
0.311346863469
0.244585511576
0.2741617357
0.281083299138
0.291804635762
0.32063197026
0.303292894281
0.321709233792
0.290102389078
0.246504782929
0.254559270517
0.276570525484
0.277422108408
0.29375
0.242282842785
0.272326792151
0.439210693826
0.239390642002
0.285484519501
0.336215177714
0.298982188295
0.290841584158
0.283955520254
0.281954887218
0.27572815534
0.273531777957
0.310856049737
0.285115303983
0.272621809745
0.229020394517
[95, 0.1275309847301982, 0.12290127489411473] -> [0.7777777777777778, [0.43410368519675202, 0.35856573705179284, 0.55647155812036275, 0.41099773242630389, 0.48771929824561405, 0.47766323024054985, 0.38704128440366975, 0.46706989247311831, 0.42942942942942947, 0.44494238156209986, 0.35823170731707316, 0.35480624056366378, 0.47043010752688175, 0.49295774647887325, 0.52839116719242896, 0.42007001166861141, 0.37866666666666665, 0.39341517857142866, 0.49890750182083027, 0.54882970137207421, 0.4392106938255888, 0.41966426858513189, 0.28973509933774838, 0.48616039744499645, 0.51291512915129156]]
{'SE8': {7: [0.7777777777777778, [0.43410368519675202, 0.35856573705179284, 0.55647155812036275, 0.41099773242630389, 0.48771929824561405, 0.47766323024054985, 0.38704128440366975, 0.46706989247311831, 0.42942942942942947, 0.44494238156209986, 0.35823170731707316, 0.35480624056366378, 0.47043010752688175, 0.49295774647887325, 0.52839116719242896, 0.42007001166861141, 0.37866666666666665, 0.39341517857142866, 0.49890750182083027, 0.54882970137207421, 0.4392106938255888, 0.41966426858513189, 0.28973509933774838, 0.48616039744499645, 0.51291512915129156]]}}
{'SE8': {7: [[[56, 0.8626903632435095, 0.7873971570789526], 0.5555555555555556, [0.30198446937014667, 0.30797946803546433, 0.25786393562545723, 0.32504780114722753, 0.29525862068965514, 0.27617477328936518, 0.28191703584373745, 0.30482456140350878, 0.26714664645699132, 0.29818496110630938, 0.27667197452229303, 0.29610829103214892, 0.32370749883558453, 0.31854648419065595, 0.24317704688593425, 0.26456033498287018, 0.27047619047619054, 0.33053774050320667, 0.30930232558139537, 0.2926729431027425, 0.30875576036866359, 0.27322404371584696, 0.25586353944562895, 0.27878058563979141, 0.31406463359126086]], [[63, 0.5458915783827468, 0.5045419583098644], 0.5555555555555556, [0.30153237765694507, 0.2732463295269168, 0.25821596244131451, 0.30231459612659428, 0.22580645161290322, 0.30182498830135707, 0.29764651592062763, 0.26910048927361691, 0.26217228464419473, 0.2921195652173913, 0.25995575221238942, 0.31592039800995025, 0.30612244897959179, 0.25924513915364089, 0.25203854707190515, 0.29530201342281875, 0.28000000000000008, 0.24904877205119336, 0.25974025974025977, 0.30669144981412638, 0.25184037194885706, 0.27429467084639497, 0.27753686036426711, 0.28342708784076159, 0.22932708403080013]], [[83, 0.8098510160219619, 0.1844736280968114], 0.5555555555555556, [0.25931928687196115, 0.25092250922509229, 0.25829562594268474, 0.23247496423462091, 0.26998744244453743, 0.24153737658674185, 0.23861566484517305, 0.25727961707219787, 0.26537997587454759, 0.24916325771662332, 0.25028441410693969, 0.21739130434782608, 0.26419558359621453, 0.27405602923264305, 0.26106934001670845, 0.23715415019762848, 0.23853211009174313, 0.22254242715337816, 0.29631474103585659, 0.23994354269583631, 0.26647083508182962, 0.2386039886039886, 0.25617053103964099, 0.25466562986003111, 0.27335781313749491]], [[51, 0.8521885935278827, 0.489490361114548], 0.5555555555555556, [0.26980482204362799, 0.32134292565947242, 0.3013638363396392, 0.24489795918367352, 0.30825022665457841, 0.28559771521827826, 0.2916839056681837, 0.30316949931097842, 0.28810788720882713, 0.24352861035422338, 0.29921942758022546, 0.30289330922242313, 0.25052192066805845, 0.3017052907739397, 0.25765765765765769, 0.3105737316263632, 0.2849117174959872, 0.30734966592427615, 0.26865094704290682, 0.24930264993026499, 0.24179912073047008, 0.30261969286359525, 0.29111772205694858, 0.30748663101604273, 0.27110766847405116]], [[88, 0.10189544801599963, 0.5008484746493213], 0.6666666666666666, [0.27358105349122086, 0.25858741798533386, 0.2424982554082345, 0.26875250701965503, 0.24202034373903894, 0.24573021958870683, 0.26910435497124074, 0.26631958350020024, 0.23251686190983312, 0.20764864057364804, 0.2580275229357798, 0.28449820788530467, 0.25747822794396064, 0.23051948051948054, 0.20000000000000001, 0.30463242698892246, 0.19709827539009031, 0.23991655076495128, 0.26816945200155462, 0.24716221164408644, 0.27284263959390864, 0.23612945838837512, 0.2686125211505922, 0.21145770845830833, 0.30617164898746385]], [[86, 0.3058859991434074, 0.95074362599853], 0.5555555555555556, [0.24227528089887646, 0.25109970674486798, 0.28708133971291866, 0.29463116542994328, 0.24479356960175377, 0.25202354672553345, 0.29668813247470105, 0.2537313432835821, 0.2737752161383285, 0.27969193352249699, 0.25691699604743085, 0.2317198764160659, 0.2943722943722944, 0.25674662668665665, 0.25283986808354714, 0.22457891453524642, 0.2260679763018397, 0.29650884744141565, 0.28603104212860309, 0.2798821548821549, 0.27517325723603753, 0.26785714285714285, 0.26535253980288098, 0.25335892514395392, 0.24664490388103005]], [[95, 0.1275309847301982, 0.12290127489411473], 0.6666666666666666, [0.34907597535934293, 0.45801526717557239, 0.3256880733944954, 0.32220131702728128, 0.29159869494290369, 0.34553893759669935, 0.34947578632051918, 0.33646709549727855, 0.3639648941662364, 0.28474711270410186, 0.3223593964334705, 0.32839506172839505, 0.25301204819277107, 0.37596048298573004, 0.43626448534423995, 0.44796691936595451, 0.30468394724874942, 0.27276219746446406, 0.34205231388329976, 0.41129527317372622, 0.37698412698412698, 0.27400000000000002, 0.34440039643211101, 0.30072003388394752, 0.38142620232172475]], [[77, 0.9452342465006595, 0.4430838139193912], 0.5555555555555556, [0.30176643768400385, 0.27717626678215684, 0.28483786152497809, 0.24299065420560748, 0.2660016625103907, 0.26191498497209104, 0.25018670649738611, 0.27301444043321299, 0.265166733627963, 0.26691887347625054, 0.26413536937680554, 0.28097345132743362, 0.285136955545577, 0.25871981602146416, 0.25372533225936367, 0.2812223206377325, 0.2831858407079646, 0.25979381443298966, 0.29411764705882354, 0.25433526011560692, 0.2526002971768202, 0.30037214247740562, 0.28616493916178454, 0.28780264961169483, 0.23267838676318511]], [[61, 0.47990491802444557, 0.12613670881738115], 0.6666666666666666, [0.2834839769926048, 0.27800658978583198, 0.27381411492479757, 0.27109583810614735, 0.26082130965593786, 0.2412280701754386, 0.28997867803837951, 0.25017743080198718, 0.28535980148883378, 0.27320208919244671, 0.30364372469635625, 0.25709219858156029, 0.24680704176734555, 0.26228297007757662, 0.25265470523617728, 0.28547786512205209, 0.2467443454420836, 0.27437820765890242, 0.26415094339622641, 0.30417406749555953, 0.28085280852808531, 0.27709359605911338, 0.26022972002871503, 0.26305970149253738, 0.25828835774865072]], [[61, 0.4940988342855148, 0.5462310172436656], 0.6666666666666666, [0.25174283501161887, 0.21960013110455584, 0.21822849807445444, 0.23809523809523811, 0.2429525222551929, 0.21286513362336854, 0.27284263959390864, 0.23976198809940494, 0.19892014776925265, 0.27342094107672743, 0.22424439389015272, 0.22347321733196857, 0.23616496298907294, 0.26196369636963696, 0.23774419461850352, 0.25994486018117369, 0.23023023023023026, 0.2653399668325041, 0.21126760563380281, 0.26159334126040434, 0.2256258234519104, 0.23157894736842108, 0.21831910702560739, 0.27695560253699786, 0.24246877296105804]], [[56, 0.8626903632435095, 0.7873971570789526], 0.6666666666666666, [0.30852994555353896, 0.29311809685641455, 0.28151774785801714, 0.40127388535031849, 0.27988804478208718, 0.23378333882120517, 0.31630740393626988, 0.27789129546383329, 0.33400301356102463, 0.32165146423427754, 0.2442333785617368, 0.31448074110190144, 0.31363636363636366, 0.33249999999999996, 0.33702213279678067, 0.28054118583366494, 0.31134686346863477, 0.29999999999999999, 0.27551416375630577, 0.3245132301547678, 0.31308411214953269, 0.35028541774779448, 0.33383158943697061, 0.23537103628636807, 0.29589632829373647]], [[100, 0.332857716614261, 0.5416843181449225], 0.5555555555555556, [0.22727272727272727, 0.24330441342889472, 0.22229822161422708, 0.24468892261001515, 0.28893241919686585, 0.22889842632331905, 0.24453501296776586, 0.26499589153656539, 0.2313848295059151, 0.25976724854530342, 0.28971511347175272, 0.2445855115758028, 0.27658662092624359, 0.26337792642140467, 0.19052803483941208, 0.22575250836120403, 0.21675358539765316, 0.24045521292217326, 0.28220300409649518, 0.26143790849673204, 0.27618205921343347, 0.20667483159828534, 0.30530530530530531, 0.23079514824797842, 0.25650991061018269]], [[62.4, 0.33711153223526014, 0.1], 0.5555555555555556, [0.23607336956521743, 0.2612540192926045, 0.2374798061389338, 0.32409698169223161, 0.27777777777777773, 0.25892506865437426, 0.3010948905109489, 0.28979420411591766, 0.2193924516722921, 0.2860040567951318, 0.26463963963963966, 0.27400000000000002, 0.27575641516660293, 0.27636221089768714, 0.28141101862861673, 0.30564629024731688, 0.26286353467561518, 0.21623222748815166, 0.31680440771349866, 0.27202598457166061, 0.22252915899324735, 0.29337273111017304, 0.27416173570019725, 0.30275643922277451, 0.26406429391504022]], [[51, 0.8521885935278827, 0.489490361114548], 0.5555555555555556, [0.28814262023217246, 0.27877339705296694, 0.26631958350020024, 0.28298045602605859, 0.25728339008702233, 0.29837648091268104, 0.28322440087145967, 0.24659863945578231, 0.24982406755805767, 0.28822055137844615, 0.27097551184263352, 0.29683377308707132, 0.2400800266755585, 0.28108329913828478, 0.29424778761061954, 0.27130301872372942, 0.3103277060575968, 0.22335181762168821, 0.28383381324557794, 0.31037827352085351, 0.25064032199048664, 0.29228855721393032, 0.25281920698435795, 0.29398762157382846, 0.2798821548821549]], [[50, 0.9356546332528182, 0.3901994300661602], 0.5555555555555556, [0.22599750623441398, 0.34562211981566826, 0.34697048161574306, 0.31854648419065595, 0.31724137931034485, 0.26769000374391616, 0.30289727831431079, 0.28409090909090912, 0.32755298651252407, 0.28411364545818329, 0.27487417731320174, 0.23998675935120822, 0.30060553633217996, 0.31805425631431239, 0.2868509212730318, 0.27604976671850701, 0.29096161782913738, 0.28612597776862908, 0.27027027027027029, 0.30786516853932583, 0.29180463576158938, 0.32767562470532774, 0.27638190954773867, 0.31380753138075312, 0.3086145648312611]], [[58.1, 0.5099148514285214, 1], 0.5555555555555556, [0.28508771929824556, 0.35087719298245612, 0.28502609393817741, 0.31494252873563217, 0.34034034034034039, 0.32063197026022311, 0.25699300699300698, 0.3292978208232446, 0.35828877005347592, 0.31435079726651483, 0.26867378048780488, 0.31515422440768887, 0.33460803059273425, 0.34124629080118696, 0.35504538174052319, 0.26545316647705725, 0.30973451327433632, 0.34655951783023603, 0.36512261580381472, 0.33743842364532023, 0.32593619972260746, 0.33365570599613154, 0.3137978772496538, 0.29908972691807539, 0.29879621668099737]], [[50, 0.6677048215994735, 0.1], 0.5555555555555556, [0.31545741324921139, 0.32407407407407407, 0.30012771392081733, 0.28249703674436982, 0.33285094066570187, 0.29103852596314905, 0.30329289428076256, 0.2818818040435459, 0.32669138090824845, 0.32188841201716734, 0.3192966219342897, 0.29719547928003354, 0.33656174334140437, 0.28364632237871673, 0.29580936729663104, 0.2716143840856925, 0.34326097930338212, 0.32687651331719131, 0.28965241709948059, 0.27892951375800978, 0.33221797323135749, 0.29363110008271298, 0.3125, 0.315765561108587, 0.2570093457943925]], [[77, 0.9452342465006595, 0.4430838139193912], 0.5555555555555556, [0.28200905722519554, 0.34586056644880175, 0.30424528301886794, 0.29244871235268438, 0.37322274881516593, 0.28804815133276007, 0.3353973168214654, 0.32170923379174854, 0.34437434279705575, 0.32564102564102571, 0.35580524344569286, 0.30240073868882739, 0.29999999999999999, 0.32370517928286857, 0.33613445378151258, 0.30351437699680517, 0.28820960698689951, 0.34759358288770054, 0.30715935334872979, 0.34217506631299732, 0.27221777421937549, 0.35113174695298899, 0.29619805481874445, 0.31324725011956006, 0.32705649157581768]], [[61, 0.47990491802444557, 0.12613670881738115], 0.5555555555555556, [0.26551982049364248, 0.25613275613275616, 0.29677419354838708, 0.3167848699763593, 0.3158887317303159, 0.25723472668810293, 0.2962489343563513, 0.32937097573055968, 0.26445032111824707, 0.27666399358460303, 0.26654064272211719, 0.2843302443133951, 0.29947916666666663, 0.2730510486743174, 0.28044871794871795, 0.32227488151658767, 0.29827662395050819, 0.29010238907849834, 0.21492537313432836, 0.29424398625429554, 0.29743812418584459, 0.26974951830443161, 0.29596412556053808, 0.25238263325097071, 0.30493273542600902]], [[61, 0.4940988342855148, 0.5462310172436656], 0.5555555555555556, [0.24952741020793956, 0.27600849256900212, 0.23586541796739507, 0.20182471661598009, 0.25728339008702233, 0.24650478292862402, 0.22698412698412695, 0.228494623655914, 0.2408134141990724, 0.26792908944399679, 0.22446881425633994, 0.2043369474562135, 0.26273565984757319, 0.25225903614457823, 0.26204238921001927, 0.20539906103286384, 0.28132992327365725, 0.22414345180915785, 0.2317198764160659, 0.29666818804198991, 0.23143350604490501, 0.24689100219458668, 0.27559055118110243, 0.27021535960991466, 0.24270196877121522]], [[81.9, 0.2533173567397998, 0.7036691803553143], 0.6666666666666666, [0.30137636449928806, 0.25955734406438635, 0.23082145281737948, 0.25065963060686008, 0.204020402040204, 0.28213831141281293, 0.23251866938221319, 0.22061191626409019, 0.21387832699619772, 0.3027390677558866, 0.26482213438735175, 0.27472527472527469, 0.28596187175043331, 0.19866629619338705, 0.22494211048627188, 0.2888680131517144, 0.25636083269082499, 0.22080963532954168, 0.2271962302255133, 0.26840178934526226, 0.2290198590647021, 0.26422764227642276, 0.29166666666666663, 0.24310595065312041, 0.25455927051671734]], [[63, 0.5458915783827468, 0.5045419583098644], 0.5555555555555556, [0.27657052548399846, 0.2354660604092238, 0.27960526315789475, 0.3321590337191746, 0.27671349510429966, 0.34632034632034631, 0.22591779102604331, 0.28721174004192873, 0.28679881906368621, 0.21772699197035211, 0.285455369279565, 0.27721157766000815, 0.29359430604982212, 0.2536496350364964, 0.21869382863990414, 0.38436050364479796, 0.26285714285714279, 0.23496549457771937, 0.27311744049941472, 0.25241675617615467, 0.28761984160066689, 0.34024455077086657, 0.26109660574412535, 0.22962483829236738, 0.23367583692409677]], [[76.8, 0.1, 0.5730515169763133], 0.7777777777777778, [0.34084950183534352, 0.23925104022191401, 0.25688073394495409, 0.31411157993436473, 0.25300778485491859, 0.2629587589860008, 0.310630464795214, 0.29949702789208954, 0.18177290836653387, 0.32653061224489793, 0.3013392857142857, 0.30847145488029465, 0.2372764786795048, 0.22402597402597399, 0.30732860520094563, 0.29425079221367134, 0.32159624413145538, 0.27742210840802395, 0.24661340743313653, 0.22489705416534683, 0.25631500742942054, 0.28317486564696154, 0.3290488431876607, 0.23271058669288758, 0.25650421399780143]], [[69.4, 0.1, 0.13971845929038232], 0.7777777777777778, [0.30061892130857648, 0.2854291417165668, 0.30902623388172518, 0.25591246028944586, 0.315765561108587, 0.24659863945578231, 0.33411764705882352, 0.29815529815529812, 0.33429533429533437, 0.27119938884644768, 0.28498511271799237, 0.27002861230329045, 0.29256399837464447, 0.28222578062449954, 0.34449296458030082, 0.28276131045241809, 0.32467532467532467, 0.32435129740518964, 0.27376425855513309, 0.27864380358534679, 0.33134030891878419, 0.32658693652253906, 0.25347222222222215, 0.30258146424037241, 0.29375000000000001]], [[88, 0.10189544801599963, 0.5008484746493213], 0.6666666666666666, [0.28544688816097336, 0.21182421751501734, 0.20689655172413793, 0.21390374331550802, 0.33084311632870866, 0.24031563845050213, 0.19749652294853964, 0.29357798165137616, 0.26014978320851401, 0.24228284278535531, 0.25777253049980325, 0.23567310952865378, 0.26337115072933548, 0.28676153514445879, 0.18826739427012282, 0.20127706829539149, 0.2839396628216504, 0.27979495941905169, 0.23923444976076558, 0.24029219530949633, 0.25631636763090443, 0.26771336553945246, 0.28868360277136251, 0.21974620860414734, 0.24164889836531628]], [[58.1, 0.5099148514285214, 1], 0.5555555555555556, [0.24646611090974993, 0.22816808929743931, 0.27232679215058064, 0.29563585171281087, 0.28802880288028804, 0.29372496662216285, 0.27076547231270359, 0.28541666666666665, 0.26315789473684209, 0.25626636737747854, 0.28884908195253023, 0.29465095194922941, 0.22475570032573292, 0.22388059701492538, 0.30093624609897457, 0.27463965718737826, 0.29411764705882354, 0.28391850888599912, 0.24196597353497165, 0.26720647773279349, 0.28633405639913234, 0.23620627479264331, 0.24898561416451498, 0.25256361564755031, 0.27479091995221028]], [[95, 0.1275309847301982, 0.12290127489411473], 0.7777777777777778, [0.43410368519675202, 0.35856573705179284, 0.55647155812036275, 0.41099773242630389, 0.48771929824561405, 0.47766323024054985, 0.38704128440366975, 0.46706989247311831, 0.42942942942942947, 0.44494238156209986, 0.35823170731707316, 0.35480624056366378, 0.47043010752688175, 0.49295774647887325, 0.52839116719242896, 0.42007001166861141, 0.37866666666666665, 0.39341517857142866, 0.49890750182083027, 0.54882970137207421, 0.4392106938255888, 0.41966426858513189, 0.28973509933774838, 0.48616039744499645, 0.51291512915129156]], [[77, 0.9452342465006595, 0.4430838139193912], 0.5555555555555556, [0.24149922720247294, 0.23624823695345559, 0.22406492589978824, 0.26283865750101093, 0.23454951600893523, 0.2435064935064935, 0.22295081967213112, 0.2393906420021763, 0.26304347826086955, 0.23011059579022475, 0.25631216526396322, 0.21883289124668437, 0.25552187093980078, 0.23853550295857989, 0.21639344262295085, 0.23499638467100503, 0.24427480916030531, 0.26404023470243082, 0.21021021021021019, 0.24574303405572756, 0.22340780260086696, 0.24202626641651029, 0.2665852665852666, 0.23312196941439767, 0.24605920799692427]], [[61, 0.47990491802444557, 0.12613670881738115], 0.6666666666666666, [0.29907329401853411, 0.28350515463917519, 0.27016289233214141, 0.28976311336717425, 0.27492088607594939, 0.29271465741543806, 0.25952813067150637, 0.30316949931097842, 0.26654411764705876, 0.28536485935589073, 0.30807850296668188, 0.26239067055393589, 0.26491293071507965, 0.30825022665457841, 0.25887038377986965, 0.25375268048606148, 0.28865979381443302, 0.29986369831894588, 0.2971355280034203, 0.27360308285163781, 0.26220614828209771, 0.28548451950140735, 0.29398954703832758, 0.28723404255319152, 0.28887000849617672]], [[61, 0.4940988342855148, 0.5462310172436656], 0.6666666666666666, [0.33286118980169976, 0.30903665814151748, 0.3406909788867562, 0.33621517771373677, 0.35391566265060237, 0.35022354694485841, 0.31468531468531474, 0.31086956521739129, 0.36235662148070913, 0.31304347826086953, 0.3431140558447705, 0.30858869227449287, 0.33427495291902071, 0.34369114877589452, 0.36578805809575038, 0.31752936059156156, 0.32735426008968616, 0.36169128884360674, 0.32258064516129026, 0.34318398474737843, 0.29754473574698292, 0.34844054580896688, 0.33968719452590423, 0.31156636790439601, 0.38439796495195022]], [[56, 0.8626903632435095, 0.7873971570789526], 0.5555555555555556, [0.31485587583148561, 0.27077151335311578, 0.30594405594405594, 0.30262572318647091, 0.29251984956122024, 0.28973509933774838, 0.34465281297516476, 0.32387706855791965, 0.24296246648793568, 0.28912252325111198, 0.30204259017818341, 0.22820270695624797, 0.32350142721217889, 0.31479779411764702, 0.3015397775876818, 0.29280195201301346, 0.27159562429271977, 0.34203655352480417, 0.32407407407407407, 0.29626449119793902, 0.28766556291390732, 0.29898218829516537, 0.29485570890840651, 0.33123791102514505, 0.25654825977753853]], [[63, 0.5458915783827468, 0.5045419583098644], 0.5555555555555556, [0.28838174273858919, 0.31037607612143175, 0.29099405267629569, 0.27067669172932329, 0.31749657377798085, 0.26956196181205538, 0.27386541471048514, 0.31914893617021273, 0.27449485322150208, 0.31264367816091954, 0.31350114416475977, 0.29132231404958675, 0.31790556334735859, 0.2764612954186414, 0.29003267973856212, 0.3072371415566682, 0.28502609393817741, 0.29924073246985261, 0.26904130352406214, 0.29084158415841588, 0.30789825970548867, 0.25540971975877969, 0.28640580879386845, 0.28499580888516346, 0.31591448931116389]], [[76.8, 0.1, 0.5730515169763133], 0.6666666666666666, [0.31234128999492122, 0.32151300236406621, 0.25552736498731421, 0.29146141215106736, 0.25090909090909091, 0.27453271028037385, 0.27744982290436837, 0.28252032520325204, 0.33367556468172488, 0.28612012987012991, 0.26211135213304415, 0.27476780185758509, 0.27908805031446543, 0.39265129682997119, 0.34017278617710589, 0.27834629553827256, 0.29613733905579404, 0.29302517540239365, 0.27389277389277389, 0.23648648648648649, 0.2886178861788618, 0.31949626865671638, 0.25805270863836022, 0.28395552025416998, 0.31510658016682114]], [[83.52, 0.4140195528839224, 0.7562249239629587], 0.5555555555555556, [0.27988804478208718, 0.3094233473980309, 0.2553763440860215, 0.28517110266159701, 0.30214861235452112, 0.27914614121510672, 0.25035014005602235, 0.27890879478827363, 0.29032258064516131, 0.30612244897959179, 0.30394431554524365, 0.28195488721804512, 0.28871978513876456, 0.27855153203342614, 0.25577870405456615, 0.30337591240875916, 0.28314310798946446, 0.24432809773123912, 0.26869597895527997, 0.26295133437990581, 0.2648505486189936, 0.25773195876288663, 0.29722589167767505, 0.30659289995389583, 0.29111111111111115]], [[82.49000000000001, 0.1, 0.1], 0.6666666666666666, [0.24098415908324905, 0.28092334494773519, 0.2894848871860366, 0.25900900900900903, 0.27572815533980588, 0.27305825242718451, 0.28747433264887062, 0.30758556891766881, 0.24917552216929281, 0.26475037821482605, 0.32547169811320759, 0.25927327781983345, 0.25230987917555087, 0.28447883477469282, 0.28822567457072773, 0.24720317574882714, 0.27846027846027843, 0.31621493105087967, 0.2277227722772277, 0.29248505550811271, 0.22580645161290322, 0.24271844660194175, 0.29503799731783636, 0.29322328410078197, 0.26617375231053603]], [[92.9, 0.1, 0.30284983551095945], 0.6666666666666666, [0.29748788012340238, 0.29810298102981025, 0.30212177121771211, 0.25597269624573377, 0.23271500843170317, 0.28639104220499567, 0.29898804047838085, 0.26752384902530069, 0.23152709359605908, 0.27081649151172188, 0.27589134125636666, 0.21072796934865903, 0.28960070206230798, 0.30080530554239698, 0.29107373868046571, 0.26918185671894868, 0.25387596899224801, 0.23312683403977827, 0.2735317779565567, 0.27939949958298582, 0.27027027027027023, 0.23305785123966941, 0.27202598457166061, 0.28991778450887062, 0.33216783216783213]], [[100, 0.43062268154134165, 0.1], 0.5555555555555556, [0.26691116544417276, 0.32210834553440704, 0.38120567375886522, 0.28533214444939814, 0.29611211573236895, 0.3507825148407987, 0.34833869239013937, 0.3321590337191746, 0.2880386983289358, 0.27105921601334443, 0.37993920972644374, 0.33745781777277845, 0.2637658837119754, 0.31085604973696795, 0.24639211545230558, 0.28979045920641988, 0.29995385325334567, 0.29359031824294035, 0.40601023017902815, 0.32428355957767724, 0.30399274047186936, 0.32101167315175094, 0.3290529695024077, 0.31757754800590837, 0.29539530842745437]], [[50, 0.8024890730714684, 0.8008727779545499], 0.5555555555555556, [0.28484848484848485, 0.30662488809310651, 0.27666399358460303, 0.26639344262295078, 0.30417406749555953, 0.27357392316647267, 0.26974951830443161, 0.31165919282511212, 0.29782608695652174, 0.28690228690228686, 0.30094582975064493, 0.30223390275952694, 0.26758409785932724, 0.28128821850794944, 0.29921942758022546, 0.24251805985552116, 0.28535980148883378, 0.30902623388172518, 0.26335733232284958, 0.31965648854961831, 0.3079710144927536, 0.27521092808356773, 0.27711797307996833, 0.28511530398322849, 0.25524981897175958]], [[61, 0.47990491802444557, 0.12613670881738115], 0.6666666666666666, [0.23992994746059543, 0.27262180974477956, 0.21646341463414634, 0.31576448243114907, 0.26346377373111196, 0.21615130591413989, 0.29793906810035842, 0.29642545771578033, 0.27634194831013914, 0.25380710659898476, 0.27233542319749215, 0.27021772939346811, 0.19867549668874177, 0.30493273542600902, 0.29696436427628681, 0.28301886792452835, 0.2452830188679245, 0.28495284952849531, 0.29223549488054612, 0.26519550909794815, 0.24646611090974993, 0.28500619578686487, 0.27788805081381496, 0.28686782830429242, 0.2384979702300406]], [[61, 0.4940988342855148, 0.5462310172436656], 0.6666666666666666, [0.22170747849106551, 0.26455026455026454, 0.22298177083333331, 0.22742818057455547, 0.21573989668793678, 0.21250384970742223, 0.27010050251256279, 0.22902039451688397, 0.23598296664300922, 0.20169541069862612, 0.20097616996841805, 0.22766471196964472, 0.22917363666778182, 0.23110661268556004, 0.27397260273972607, 0.23272214386459797, 0.19769357495881384, 0.26896828582898435, 0.21459899749373434, 0.24624060150375943, 0.19021739130434784, 0.21359526036794516, 0.24750646472109344, 0.23219273743016758, 0.32513661202185795]]]}}
{'SE8': {7: [[95, 0.1275309847301982, 0.12290127489411473], [0.7777777777777778, [0.43410368519675202, 0.35856573705179284, 0.55647155812036275, 0.41099773242630389, 0.48771929824561405, 0.47766323024054985, 0.38704128440366975, 0.46706989247311831, 0.42942942942942947, 0.44494238156209986, 0.35823170731707316, 0.35480624056366378, 0.47043010752688175, 0.49295774647887325, 0.52839116719242896, 0.42007001166861141, 0.37866666666666665, 0.39341517857142866, 0.49890750182083027, 0.54882970137207421, 0.4392106938255888, 0.41966426858513189, 0.28973509933774838, 0.48616039744499645, 0.51291512915129156]]]}}

Total Runtime: --- 237933.504505 seconds ---


------------------------------------------------------------
Sender: LSF System <lsfadmin@n2f1-4>
Subject: Job 565024: </share2/aagrawa8/miniconda2/bin/python2.7 DE_topics.py _topics SE8> Done

Job </share2/aagrawa8/miniconda2/bin/python2.7 DE_topics.py _topics SE8> was submitted from host <login01.hpc.ncsu.edu> by user <aagrawa8> in cluster <henry2>.
Job was executed on host(s) <8*n2f1-4>, in queue <shared_memory>, as user <aagrawa8> in cluster <henry2>.
</home/aagrawa8> was used as the home directory.
</home/aagrawa8/topics_de> was used as the working directory.
Started at Thu Oct 20 14:25:14 2016
Results reported at Sun Oct 23 08:30:52 2016

Your job looked like:

------------------------------------------------------------
# LSBATCH: User input
/share2/aagrawa8/miniconda2/bin/python2.7 DE_topics.py _topics SE8
------------------------------------------------------------

Successfully completed.

Resource usage summary:

    CPU time   : 237938.94 sec.
    Max Memory :       607 MB
    Max Swap   :      1157 MB

    Max Processes  :         3
    Max Threads    :         4

The output (if any) is above this job summary.



PS:

Read file <./err/SE8.err.565024> for stderr output of this job.

