Target Label: computability

Runtime for 1 loop of DE termination: --- 2236.00353312 seconds ---


Runtime for 1 loop of DE termination: --- 2533.54392481 seconds ---


Runtime for 1 loop of DE termination: --- 2192.08930898 seconds ---


Runtime for 1 loop of DE termination: --- 2383.04472113 seconds ---


Runtime for 1 loop of DE termination: --- 2076.83708692 seconds ---

[{0: [[[84, 0.6346640016211236, 0.7786114196224868], [0.75, 0], 2085.0611340999603], [[2.2371172025279273, 2.8749657990735904, 2.635003178863146, 1.8637825861980157, 1, 2.3703469070827543, 2.3634788908163205, 1.4329328043526692, 3, 1.596717874224707, 3, 2.122212851395246, 2.9851053482940033, 3, 1.1843079426528966, 1, 1.6785458110902445, 1.9303992171028903, 1.9304430845805882, 2.225025877590353, 1.7642555951682544, 2.1549479367167423, 1, 1, 2.5224911445582503, 1.386361019012761, 2.0720521156895564, 2.4225898785016504, 2.495440177239636, 2.2308407417961327, 2.2970358678551954, 2.6048793891453235, 1.3650312313895565, 1.5472870546068904, 1.9625172263353, 2.6241408339396415, 1.4177870494017677, 2.1318946318367193, 3, 1, 1.199085711277433, 1.2383658578564218, 2.1145267396289946, 1.0565072020016752, 2.567546689345618, 1.4193469944146755, 2.2263080818469296, 3, 1, 2.58638472108855, 2.8952135008399313, 3, 1.3129494126523766, 1, 2.164053378915674, 3, 1.2726314435332349, 1.7697376433321166, 1.8080403796150022, 2.2457775239288593, 2.3988764453778137, 2.3114136538569845, 3, 1.866964104635704, 2.959988880982299, 1.1561397701393954, 1.7887681398881363, 1.8588818587537974, 2.565129838274669, 2.124091466299277, 2.021845682120588, 1.663849795793087, 2.5131246211628597, 1.964939355001079, 1.1577369684689975, 1.9268466676132048, 1.8436858403709195, 1, 1.5691545974278875, 1.9817329534732946, 3, 2.0982140474101207, 1, 1.0329752114245765], [0.57734204793028332, 0], 150.94239902496338], (0.5575014594279043, 0), (0.57158119658119655, 0)], 1: [[[82, 0.8499124597357112, 0.3969723008103456], [0.75, 0], 2347.099282979965], [[1.044658248943128, 2.6388849905229828, 2.6762333108862624, 1.412310379253805, 1.497975837166093, 2.1415400353550567, 1, 1, 3, 1.8042495063220159, 2.0652833031219866, 1.4063023543023763, 2.138334891076013, 1.0179824189889315, 2.2770155098697313, 3, 3, 2.63635669266639, 3, 1.7589476526599273, 3, 1.7946309786358334, 1, 3, 3, 1.7302453386377277, 2.370587103856421, 1, 3, 3, 1.6488740111027096, 2.2977895688705416, 1.195411980197177, 3, 2.680127106955119, 2.1870495358649773, 1.3669143454239614, 1.3230776014721295, 2.787589335795894, 1.6826256964970763, 1.9087290866790478, 3, 2.2954773635541836, 1.090785678298793, 1.4300300646393305, 2.5338166837197242, 1.4760307254168183, 3, 1.9250158088321367, 2.170526882819722, 1, 1.7449326782359469, 2.446831135104627, 1.6453057493873424, 3, 1.2988682394221165, 1.6734154731737205, 3, 3, 3, 3, 2.8905047750199824, 2.725934712445511, 3, 1.1636380805359257, 1, 2.6691252317867242, 2.3927772000678518, 1.9500464106016546, 1.9054207650253683, 2.071778971933303, 1.2811542261451634, 1.6324434953967222, 2.656845374816032, 2.451186021444154, 2.2866790640033834, 1, 3, 2.73147942329157, 3, 2.032947361051713, 3], [0.55084745762711862, 0], 186.444641828537], (0.48231511254019294, 0), (0.57403433476394849, 0)], 2: [[[72.6, 0.5354332516071764, 0.11611450916351111], [0.75, 0], 2060.5694320201874], [[1.877772288228892, 2.315248559205788, 2.0487991531099894, 1.6662152866415558, 2.979911053870216, 1.8078045053184895, 2.731590445244888, 2.872134467545603, 2.5044314606588514, 1.6926101396476179, 1.898639968771658, 1.7702046419812614, 2.4236910880976565, 2.560569901230444, 1.7493461644559498, 2.0652415479342983, 1.145439748970829, 2.55724822303568, 1.1774147155533696, 2.301781698316619, 2.1060240150504255, 1.4671459618458431, 1.246265075080172, 1.9074668670738628, 1.357089402403149, 1.2489835822442203, 1.206894873428725, 1.3969042827966458, 1.2121127169781012, 2.8379192246396223, 1.8746792255483284, 2.887229063507914, 2.6631132738246412, 1.0782038741869546, 2.1711792132411096, 1.0847075809293183, 2.5200899726649757, 2.5607641368519554, 2.3795831607263542, 1.7412827332815326, 1.1721405341044495, 1.3354874684943745, 2.9965742418157655, 1.5828837197347785, 2.8478271372331685, 1.3841165975079073, 2.7635075073643396, 1.0163960206202642, 1.6315541461373742, 2.9189226380198363, 1.0034057198950002, 2.113777810943936, 2.616417923367638, 2.8725005657690765, 2.6949126572296462, 2.6487799040096283, 2.10698210114224, 1.287529801544425, 1.107448484083668, 1.6317823528190167, 1.0840251051993404, 1.018136718189066, 1.8851395964457827, 2.9091859021991002, 2.413380574117904, 2.1178238132406872, 2.248516843398382, 1.8503708860685943, 2.468112941774959, 2.660772471683068, 1.206086243670348, 1.583983905002901], [0.62500000000000011, 0], 131.5198769569397], (0.59236384053902291, 0), (0.60199004975124382, 0)], 3: [[[96, 0.5450330736715451, 0.9823894902320347], [0.75, 0], 2181.895612001419], [[1.4133249910706869, 1.5512484382660923, 2.6917571737421184, 1.5982532812440524, 1.0522636660570577, 2.5144269716284606, 2.6318557093268873, 2.3222421099225765, 1.3635891752784701, 2.520406866609838, 1.946632413866637, 2.6817246171351234, 2.082631659065217, 1.8329142554705973, 2.6084678031899546, 2.003069560234029, 2.673483100129999, 2.5984428617834183, 1.6066564790993698, 1.4938444489865312, 2.9524173702557164, 2.844394029503597, 2.43509220638285, 1.7481378752143073, 1.7978621987470962, 1.5143238744204184, 1.2758595675200888, 1.344258946803493, 1.9384042813582552, 2.122915486936324, 1.9318613121879846, 1.504234537832174, 2.7127154075463316, 2.6333086571874125, 1.1961042210840875, 2.030271293174165, 2.009374411721208, 1.5159166847111407, 2.309912397909967, 2.282091337927959, 2.2911275876157173, 1.0287635423064687, 2.753023453601924, 2.398883690323898, 2.547399360845069, 1.0832268572487527, 1.1108192181631455, 2.572128013969462, 1.049203549965641, 1.9465903711288886, 2.127438865306832, 1.268457051643615, 2.0316958675506096, 2.663773430163072, 2.0360483137856757, 2.1675017597898507, 1.9629880449029484, 2.658369410581501, 2.0520499442073685, 1.4383854095301662, 2.894740430409915, 1.2992872694249813, 1.5469760919724105, 2.023523653221811, 1.2806684784696523, 1.6747000827523413, 2.950276832665458, 1.9834299020728878, 1.780300321844321, 1.4657559824085906, 1.445563841201665, 2.885063291955892, 2.8080360003793694, 2.7684805644304245, 1.7045110028206287, 2.8964377318463654, 1.283334866322646, 1.3409489294623391, 1.6172157628220603, 2.3999732658832382, 1.9598043810560555, 1.4200673003133604, 2.0409417710712296, 2.802701617559501, 2.2055776811869174, 2.950130219284217, 2.087753126220518, 2.341819598890088, 1.6107051226959743, 1.0029879321893223, 1.4804076980390735, 2.7895735977157647, 1.746694692301729, 1.0951322677647808, 1.0411884042898083, 2.952744638447797], [0.50632911392405056, 0], 201.14910912513733], (0.46726504751847947, 0), (0.48290598290598286, 0)], 4: [[[54, 0.735539243965033, 0.8597007270565127], [0.75, 0], 1977.1670088768005], [[2.356615881846913, 2.9020903392827386, 1.52961911061925, 1.763513491665745, 2.7939335153686318, 1.2525036087302104, 2.022884835094787, 2.65211084686994, 2.6505880037530254, 2.513746697654067, 2.1504350682791618, 2.9948221798018357, 1.6776772392374477, 1.4673854764634782, 2.75248010976602, 2.234959950931719, 1.083271137524056, 1.6786865701912437, 2.9056750686464152, 1.7810620911356174, 1.1386080651770414, 1.4573301832028387, 2.185040857535643, 1.6285876465608962, 2.552862068206924, 1.5702598496634013, 1.4782508274121045, 1.9427673647206893, 2.274451232410696, 1.9234139022764736, 2.079807782623753, 2.2799302402286923, 1.8588852125794115, 2.6726170044005757, 1.881956901812349, 2.901971244122626, 2.780373686140007, 1.6857792726403529, 1.2430415839503635, 1.8589475627490764, 2.0032508517464267, 2.355513647792179, 2.8229080929234662, 2.7293074315573027, 1.6945438279992302, 2.949288070085556, 1.8114755019033548, 2.914367743074996, 2.171094168667432, 2.843906823188772, 2.548325361684194, 1.4142957066065307, 1.9563100273121372, 1.5113635671867869], [0.53608247422680411, 0], 99.67007803916931], (0.55494202098288237, 0), (0.56468172484599577, 0)]}, [(0.5575014594279043, 0), (0.48231511254019294, 0), (0.59236384053902291, 0), (0.46726504751847947, 0), (0.55494202098288237, 0)], [(0.57158119658119655, 0), (0.57403433476394849, 0), (0.60199004975124382, 0), (0.48290598290598286, 0), (0.56468172484599577, 0)], 11421.784082889557]

Total Runtime: --- 11421.7850089 seconds ---


------------------------------------------------------------
Sender: LSF System <lsfadmin@n3l4-3>
Subject: Job 649464: </share2/aagrawa8/miniconda2/bin/python2.7 DE_topics.py _topics cs> Done

Job </share2/aagrawa8/miniconda2/bin/python2.7 DE_topics.py _topics cs> was submitted from host <login02.hpc.ncsu.edu> by user <aagrawa8> in cluster <henry2>.
Job was executed on host(s) <8*n3l4-3>, in queue <shared_memory>, as user <aagrawa8> in cluster <henry2>.
</home/aagrawa8> was used as the home directory.
</home/aagrawa8/topics_de> was used as the working directory.
Started at Tue Nov 22 17:59:02 2016
Results reported at Tue Nov 22 21:09:25 2016

Your job looked like:

------------------------------------------------------------
# LSBATCH: User input
/share2/aagrawa8/miniconda2/bin/python2.7 DE_topics.py _topics cs
------------------------------------------------------------

Successfully completed.

Resource usage summary:

    CPU time   :  11433.37 sec.
    Max Memory :       281 MB
    Max Swap   :      1275 MB

    Max Processes  :         3
    Max Threads    :        19

The output (if any) is above this job summary.



PS:

Read file <./err/cs.err.649464> for stderr output of this job.

