Target Label: computability

Runtime for 1 loop of DE termination: --- 2994.79243875 seconds ---


Runtime for 1 loop of DE termination: --- 3025.83670616 seconds ---


Runtime for 1 loop of DE termination: --- 3180.20760727 seconds ---


Runtime for 1 loop of DE termination: --- 3155.32944632 seconds ---


Runtime for 1 loop of DE termination: --- 3394.42096114 seconds ---

[{0: [[[124, 0.6346640016211236, 0.7786114196224868], [0.75, 0], 2857.8921189308167], [[1.970430794261936, 1, 1.2842448557459383, 1.2240081786777055, 1.8837690057413699, 1.1831936012889896, 1.0686744701790678, 1, 1.1520550158165386, 1.2831115556014907, 1.175322773513792, 1.4762746489303378, 1.7023901120937608, 1.4168310588045976, 1.7878948984901704, 2, 1, 1.912371035085572, 1.727230540175872, 1.4624572809577487, 1.5339240488861154, 1, 1.059320356995702, 1.4248252999182371, 1.4248635356763768, 2, 1, 1.30751630826566, 2, 1.745531778120998, 1, 1.400805159463414, 1.3415306339905402, 1.1703007190938348, 1.2631863716767688, 1, 1.645276816112962, 1.0588617178900241, 1.7275651015505136, 1.4330818658718525, 1.9414791891827994, 1.9206121724830547, 2, 1.0783381672525147, 1, 1.8762476007135196, 1.1171136716829329, 1.9145684847273559, 1.4757504993978652, 1.1194808747723286, 1.6389794943158318, 2, 1.8628128370103059, 2, 1.8998626482647605, 2, 1.6718871081230384, 1.7558907589117752, 1, 1.1180526420966574, 1.4658014722552637, 1.7481273306612333, 1.1761498287277665, 1.5271425920454778, 1.6289434286283948, 1.8509298728197037, 1.1776212700009523, 1.8002051355619324, 1.436991272512332, 1.7939603154755108, 2, 1, 1.7488973419520615, 1.7434732514826599, 2, 1.9314381675502543, 1.506322961674706, 1.8444073827162648, 2, 1.668707394901795, 2, 1.5823452224282395, 1.2333713355037226, 1.6842713997582859, 1, 2, 1.5599320915684285, 1.1903753920343576, 1.7043631916587023, 1, 1.2877107504330212, 1, 1.321771467890271, 1.0847838680620914, 1.2628966129340693, 1, 1.4004687179140887, 1, 1.472124972170772, 1.3803589153129956, 1.4215852720093247, 1.8386295113172584, 1, 1.8090693866191307, 1.6607889300714613, 1.3424367746352734, 1.5039987665966879, 1.7559101291038595, 1.6657117791400964, 1.1957418655873158, 1.5501417543145237, 1.5881804068606957, 1, 1, 1.55372674974569, 1.3477073458035345, 1, 2, 2, 1.4009581511054465, 1.018331593106288, 1.4649120300272997, 1.7241314042035238, 1], [0.49559471365638769, 0], 136.900319814682], (0.51090700344431694, 0), (0.52921719955898561, 0)], 1: [[[105, 0.8617528694763242, 0.7603820753847752], [0.75, 0], 2891.729814052582], [[1, 1.14302779793581, 2, 2, 1.1630629546441087, 1.1279480460331517, 1, 2, 1.6344189493957968, 1.3151517249690687, 1.714250082429842, 1.5422488934119962, 1.6520992090804325, 1.1231751018404914, 1.2992028467435262, 1, 1.4504811826183022, 1.984449613598064, 1.7763010766634382, 1.5586077146559658, 1.1646719546739264, 1.5320572718229357, 1, 1.0621687837251301, 1.502370162440175, 1.0773809207179257, 1.4533818796952798, 1.325669181777113, 1.7194465034918371, 1.1154216640761816, 1.140873405835197, 1.283890496412994, 1.6130892846307534, 1.652462862028252, 1.5962037156188482, 1.938358420599148, 1.7896214422929981, 1.5377938943490006, 2, 1.4109985083807375, 1.2322344134170533, 1.1236883304124474, 1.110987161229742, 1.7924375128291894, 1.3059441998610972, 1.7734877364126322, 1, 1.3161687291813173, 1.0353300911784384, 1.0037790979172305, 2, 1.244472897389617, 1.0668971643004497, 1.6004904407113854, 1.5153422999004926, 1.1384664326194438, 1.8150826742149175, 2, 2, 1.2868010856972008, 1, 1.7860419270901358, 1.1771544612797822, 1.499503783813557, 1.2560858795675234, 1.361805896362786, 1.5460400375594294, 1.0848339148250965, 1, 1.3896411602103695, 1, 1.2963391965204527, 1.6993431280819618, 1.9741978253896264, 1.8407157612793108, 1.7985615473476555, 1.8524929843740052, 1.5124783657264926, 2, 1.3434040769291076, 1.4192101110963276, 1.126531298077232, 1, 1.5666252596886092, 1.3363413040739438, 1.3456726796086127, 1.2621481282837166, 1.3707407035469028, 1.8626104234785785, 1.6557169726282968, 1, 1.7816685934505596, 1.1840422104503654, 1.9883558858933494, 1.8141043907501544, 1, 1.624047502046376, 1.8652613594099126, 1.699952316419668, 1.4793690643392154, 1.2275137057292629, 1.7723147523879905, 1.895471011983905, 2, 1], [0.58486238532110091, 0], 134.10689210891724], (0.40973111395646605, 0), (0.43558282208588955, 0)], 2: [[[76, 0.6894014766834582, 0.08030300219546459], [0.75, 0], 3085.977672100067], [[1.0396832230935655, 1.2694225467462026, 1.200091982497184, 1.7714037425230995, 1.4954895320717452, 1.1584260286806813, 1.718976492377809, 1.5157904923356302, 1.2088087301522172, 1.1978000939246976, 1.213994638906276, 1.4703957117829247, 1.6114566066715843, 1.0247207891445171, 1.7707066481041462, 1.9994355586139538, 1.2416617370483403, 1.5675358346423365, 1.957139756266066, 1.8270544865745713, 1.951124440115271, 1.1117844683380445, 1.8929866366556987, 1.6026822853501286, 1.0503869779470205, 1.1933428518788278, 1.436308166572361, 1.329498374374734, 1.9189255798335392, 1.6392344750410506, 1.7739003324295515, 1.2222203174429755, 1.9677502654070138, 1.3974946074940497, 1.1263846660255359, 1.3457301552544851, 1.0831331889455815, 1.1669664081069033, 1.8117313954964054, 1.7160871821102859, 1.6308158724788542, 1.0887674679824517, 1.0086646811347808, 1.701788278694763, 1.0227716583721769, 1.894745010437703, 1.6491372280046832, 1.115447937670024, 1.8779875892720814, 1.6862249412136427, 1.7638303149642471, 1.5352793472778377, 1.0794595401679206, 1.7267841468263592, 1.9339506989649462, 1.3149848581159578, 1.2119104735477357, 1.6826224802278429, 1.1490759456696436, 1.9207677256540967, 1.5379611553582544, 1.657506350601932, 1.479606764144624, 1.5825682041396447, 1.0789560257517858, 1.3028492570540533, 1.0991766096840268, 1.5432570396866347, 1.5115958285022446, 1.8122598719392613, 1.0033322073926905, 1.511223359070927, 1.610492377635706, 1.6126027333091995, 1.0508123050149436, 1.56973757977555], [0.56415929203539827, 0], 94.22993516921997], (0.53164556962025322, 0), (0.60893854748603349, 0)], 3: [[[124.6, 0.7591931118759259, 0.6815317035550188], [0.75, 0], 2994.985782146454], [[1, 1.7312628901063705, 1.9210989453885223, 1.0982375215196747, 1.4956112093580245, 1.3538731256882206, 1, 1.4366341759024228, 1, 1.182228696196177, 2, 1, 1.9666278680574294, 1.3033772898150342, 1.2886743137090657, 1.4563144671237018, 2, 2, 1.283063065233014, 1.449097284458776, 1.3764033912580862, 1.3090362158693916, 1.2267211827388596, 1.7405270554968402, 1.9689302361478134, 1, 2, 1.220758719387392, 1.8883060883792453, 1.9356348923783147, 1.6421272958572986, 1.1943320201861605, 1.3334070718844122, 1.1189774549689235, 1.183320786172437, 1.059663542115974, 1.8119799937785313, 1.8042477208870178, 1.4019927779241412, 2, 1.4294829976703705, 1.3114393612648076, 1.091958483047461, 1.4404783236662992, 1.6430306972212807, 1.6529743976567186, 1.4094419852168185, 1.4037910621552814, 1, 1, 1.974539058569405, 1, 1.30243941520036, 1.1698677349329878, 1.1077384417083067, 2, 1.2801647417062063, 1.5493205624281496, 1.6259750258601993, 2, 1.6521977747660674, 1.8223866009208574, 1.955925637768303, 1.8672210042920527, 1.2703650709328485, 2, 1.9443917099453654, 1.7125027531328099, 1.9432771549760874, 1.421134979790339, 1.7489823217234988, 1.557973252339224, 1, 1.7191226491823373, 2, 1.7266606542196488, 1.27971450990291, 1, 1.3721263353866924, 1.4589718340184858, 2, 2, 1.3351060224769424, 1, 1.60754529784366, 1.7988877413330742, 1, 1, 1, 2, 1.28334571071963, 1.3788287591658392, 1.1618066158153024, 1.772132814481435, 1.2335259264945957, 1.2489147963711917, 1.9553650844454578, 1.7503934198617022, 1.4621547629177265, 1.6283484658411203, 1.0341133496158865, 1.4641639946514444, 1, 1, 1.2086557373137403, 1, 1.4739516612382706, 1.8269122256971682, 1, 1.4602081537959832, 1.8993010898800322, 1.5814822404558275, 1.7080050490835468, 1.1861448402375827, 1.9533375978112246, 1.1382745110149752, 1.8500829483787262, 1.242391621874203, 1.0583649040492724, 1.5422702777621184, 1.277466805879292, 1.0635217228276852, 1.0895999988232186, 2], [0.53827751196172247, 0], 160.34366416931152], (0.47279792746113991, 0), (0.50120772946859904, 0)], 4: [[[134, 0.3087005485880673, 0.7270208554843267], [0.75, 0], 3273.767450094223], [[1.1384123351758735, 1.3128629182922644, 1.9942898600276453, 1.1472486714813472, 1.7991986447246109, 1.298681989510532, 1.137420649091227, 1.144786696068329, 1.357197393015665, 1.4479356881047165, 1.4652937588036963, 1.9424856926441803, 1.9834043246831032, 1.9852308407710533, 1.424327808978167, 1.872754189127177, 1.7264314831922514, 1.1146015396822, 1.524062658436122, 1.9185788548639091, 1.403485702715971, 1.7908073165851452, 1.2863749351894493, 1.734566663791997, 1.3852620991573128, 1.6082032917349238, 1.136584968948347, 1.907069162954726, 1.558257540765225, 1.3880605411273526, 1.4054268200896305, 1.238191977057674, 1.0751680937307841, 1.7895153182417192, 1.0952781215733722, 1.2902615845274954, 1.3954605807572866, 1.1274856145511647, 1.8401308177550395, 1.2945380386168033, 1.5385443993059444, 1.1868666116954192, 1.5052727528399232, 1.4392941396753134, 1.3198303676686824, 1.0215468797031022, 1.0100133158546751, 1.9351474768132175, 1.052668781321461, 1.8112317872074004, 1.5204319321350677, 1.4766789358351944, 1.9605025390888025, 1.2268081639184052, 1.8015662409115543, 1.3525888891920306, 1.57115792950444, 1.5229079618959394, 1.966025459945215, 1.000038488667144, 1.0945484428742631, 1.333678866418186, 1.3418473374289253, 1.0512494662972793, 1.1705173228674786, 1.370831236068268, 1.4257650085897569, 1.1438951140330846, 1.2578803653802115, 1.9394676863411808, 1.2813287089248613, 1.156861976659724, 1.4040959111149265, 1.8052251014083096, 1.2190303777801965, 1.2935753556969343, 1.3786376823453805, 1.1793860676206205, 1.3594832631251035, 1.7319551680932084, 1.0471545907971898, 1.3187602325870733, 1.219279748605877, 1.253455095343058, 1.7010017474478072, 1.9132396404880614, 1.583487244722804, 1.0235509503335565, 1.6401113889282724, 1.093287559994152, 1.5128940213618751, 1.0354796563509565, 1.9754847102160005, 1.776755169137335, 1.6902731649818992, 1.844865738720069, 1.0429756172457636, 1.0350658595930105, 1.0902587925532226, 1.8548236031731375, 1.7492067641870481, 1.9000969604039057, 1.822887884109185, 1.3931902031757715, 1.8885507901304917, 1.8383576465469842, 1.1240580975431151, 1.3442986618485406, 1.9438919351661017, 1.4894038245686727, 1.0986396366077407, 1.1337115688054378, 1.9263203057777714, 1.8405710398270403, 1.6289237758016741, 1.1941530662959932, 1.176711468838336, 1.876614351415598, 1.4394198620508585, 1.2711699202952642, 1.7219981424207158, 1.5931506511880067, 1.2957107120855744, 1.6887909722187475, 1.7480392635146966, 1.6704939461055082, 1.1031123850835072, 1.4669910853445616, 1.1476708933101434, 1.2336143949308986, 1.9104760374425456, 1.2776682879090995, 1.3196904215236778, 1.9466514695285135], [0.63043478260869568, 0], 120.65351104736328], (0.51123595505617969, 0), (0.51406926406926412, 0)]}, [(0.51090700344431694, 0), (0.40973111395646605, 0), (0.53164556962025322, 0), (0.47279792746113991, 0), (0.51123595505617969, 0)], [(0.52921719955898561, 0), (0.43558282208588955, 0), (0.60893854748603349, 0), (0.50120772946859904, 0), (0.51406926406926412, 0)], 15751.161473989487]

Total Runtime: --- 15751.1626909 seconds ---


------------------------------------------------------------
Sender: LSF System <lsfadmin@n3l4-3>
Subject: Job 628063: </share2/aagrawa8/miniconda2/bin/python2.7 DE_topics.py _topics cs> Done

Job </share2/aagrawa8/miniconda2/bin/python2.7 DE_topics.py _topics cs> was submitted from host <login03.hpc.ncsu.edu> by user <aagrawa8> in cluster <henry2>.
Job was executed on host(s) <8*n3l4-3>, in queue <shared_memory>, as user <aagrawa8> in cluster <henry2>.
</home/aagrawa8> was used as the home directory.
</home/aagrawa8/topics_de> was used as the working directory.
Started at Tue Nov 15 14:26:14 2016
Results reported at Tue Nov 15 18:48:46 2016

Your job looked like:

------------------------------------------------------------
# LSBATCH: User input
/share2/aagrawa8/miniconda2/bin/python2.7 DE_topics.py _topics cs
------------------------------------------------------------

Successfully completed.

Resource usage summary:

    CPU time   :  15765.31 sec.
    Max Memory :       287 MB
    Max Swap   :      1285 MB

    Max Processes  :         3
    Max Threads    :        19

The output (if any) is above this job summary.



PS:

Read file <./err/cs.err.628063> for stderr output of this job.

