Target Label: computability

Runtime for 1 loop of DE termination: --- 1337.772264 seconds ---


Runtime for 1 loop of DE termination: --- 1346.22468114 seconds ---


Runtime for 1 loop of DE termination: --- 1273.48160601 seconds ---


Runtime for 1 loop of DE termination: --- 1380.61041498 seconds ---


Runtime for 1 loop of DE termination: --- 1421.80373502 seconds ---

[{0: [[[73.19999999999999, 0.9924771825610434, 0.40805415704633546], [0.75, 0], 1215.6268389225006], [[2.488429805462501, 1.3192349695036325, 2.3490383579590457, 2.280336046751606, 1.5497454326708413, 1.1984131278864876, 2.2327934773028275, 2.3975099609601305, 1.795607771717808, 1.4327806284989997, 2.831148292948766, 1.8307226687828329, 1.8413086425340432, 2.2583559082893254, 2.0960255958190834, 2.2282164792656314, 2.299576646637334, 1.4904086793477338, 1.2140309239297005, 1.012978204630211, 1.1854962034901584, 2.621135883316505, 1.157203627224736, 1.6338198979624912, 1.6508148192694947, 2.865082153061102, 2.6503207581458197, 2.5062573285052228, 2.390659038122182, 2.7695952338013603, 1.8700134190503233, 2.7243289029691207, 2.1922655621228477, 1.4044732088788916, 2.346160722190124, 1.4369363134291993, 2.856057713592799, 1.3925438981710836, 2.5146910838773064, 2.1094112136853282, 2.7556218104803456, 1.494388058781469, 1.183933001528418, 1.6530876611759397, 1.3732698855524803, 2.3932351461022816, 2.1213193664813046, 1.6194319421000463, 2.477770946245464, 1.9244156190013195, 1.1644369998579198, 1.604160233487148, 1.3068821650182552, 2.1710638707661056, 1.1061544454514243, 1.4698035518365264, 1.1901407790475638, 1.4278596647311748, 2.6150063670694452, 1.3982827073759436, 1.172818655361362, 1.4903606052457954, 2.2061604026588855, 2.864957849615542, 1.384781435385188, 2.5183819730404804, 2.2838902213714487, 2.6867151270992635, 2.0621192107584467, 1.2909676165262178, 2.934872197982437, 2.164079202285729, 1.516405264016646], [0.55327868852459017, 0], 122.14542508125305], (0.32450331125827819, 0), (0.49040511727078889, 0)], 1: [[[66.1, 0.8462898175783683, 0.5490946525833552], [0.75, 0], 1225.930302143097], [[2.3090615908397245, 1, 1.0478842052294328, 1, 1.2134088772595786, 3, 2.10294440359566, 1, 3, 1, 1.7659694781659456, 1.4829938868665042, 1.1318948484360751, 2.4465857064749814, 3, 3, 2.9126662805274868, 1.924461101840586, 2.85427109582907, 1.7215483326575076, 3, 1, 1.327238688091428, 1.178637633267361, 2.9353940810262173, 1.96088521540918, 1.650886320924846, 1, 2.894270002532609, 2.2403936453259563, 1.7641310893832576, 1.5759834070277154, 2.7778864702891575, 1, 3, 3, 2.9599231571288813, 2.2494696117482813, 3, 2.4989643014847576, 1.581690047263407, 2.1532791179029873, 1.8324532328025342, 1.396460298460435, 2.2111524084811096, 1, 2.1641421763485233, 3, 1, 2.3775488091845656, 1.6560655038767704, 1.5114426383221409, 1, 3, 2.139156535416273, 2.7721121519090293, 1.604249690108822, 2.9269993907651854, 3, 2.250723389798036, 1.7980136858712932, 1.0338412177400544, 2.4765589931899643, 2.6564932424615693, 1.2681690673233796, 2.88067376735622], [0.50806451612903236, 0], 120.29437899589539], (0.43438914027149317, 0), (0.45719035743973402, 0)], 2: [[[66.2, 1, 0.5187983753258718], [0.75, 0], 1169.803503036499], [[1, 2.754527583436903, 2.76488395953929, 1.48271951982409, 3, 2.269671936276014, 3, 1.1653251758077325, 1.1823291160351954, 1.5670221278301089, 1, 2.0581423276620576, 2.485820102141235, 1, 2.527138860602701, 2.2028311461686023, 1.6397333825402824, 1, 2.5407479340849966, 2.188655572001988, 1.6381260316566686, 1.4409549377538813, 1, 2.750466244532513, 1.3435124352228787, 1.4554139479748551, 1.1379064386866824, 2.7432737498606343, 2.0808193358604816, 1.4894245743199082, 2.790914031058352, 1.8549518302588823, 2.1934204524077963, 1.748142577632061, 2.941118303730523, 1, 2.5795791892080975, 1.1168750344402347, 2.2735009781240114, 1.8214777496678571, 2.275872984318576, 2.4970345625426127, 1.9969879647485944, 2.352982170351354, 1.992822977511296, 1.9961861079920427, 2.2828614328684482, 3, 1, 1.6343325624550507, 1.5470105995885537, 1, 1.5705772594288951, 1.2236639482203864, 1.347897120231182, 2.039768027643806, 2.2412796919185585, 1.8217176466581853, 2.832436144212603, 1.0417451771407424, 1, 2.458396571751145, 2.513494958236048, 1.728569443875997, 1.4227029766074177, 3], [0.56925996204933593, 0], 103.67810297012329], (0.4669703872437358, 0), (0.51470588235294112, 0)], 3: [[[78, 0.5382009223828593, 0.9920810980860357], [0.75, 0], 1270.2125589847565], [[2.148742934142595, 2.820976485805736, 1.581099450899995, 1.0018176025764964, 1.2217265077673387, 1.0667152794835792, 2.4955786005819434, 1.265280248349643, 1.6276674132251625, 1.63840585483881, 1.9865020955750086, 1.1448576521332725, 1.5325975531342384, 1.9684051659447765, 2.9611512314902737, 2.87053165634741, 2.964284116386829, 1.038620645018208, 2.787845582033353, 2.3180688252845787, 1.4970017417102333, 1.5199681086236623, 1.9780938692270824, 2.630949269975188, 2.828915707954048, 1.9140949035512878, 2.5310750581436636, 2.411412276313513, 1.711889126852189, 1.9049324225518116, 1.1274838231276167, 1.9913813063167787, 2.6540984165815296, 1.9777240324735321, 2.339589911742629, 2.1811302189065707, 2.676448230587983, 1.3765026189310923, 1.0234504340597308, 1.0365458294523706, 2.893742618910575, 1.524069090456129, 1.366574524029999, 2.14275897470399, 1.6578150136585044, 2.8775006709386592, 1.3598901259672547, 2.6430990181766427, 2.0771495941155838, 1.9243417292462364, 2.2116515182950973, 1.3218333032972942, 2.9503079627431976, 2.783246936346578, 2.057201565123693, 1.0381950676418268, 1.117700320417436, 1.9820596454720905, 1.1199901137637442, 2.4093259463151186, 2.748483040407172, 2.7169182415887225, 2.5255541386540576, 2.9710203741461605, 1.087139904394862, 1.3092264245975422, 1.0678591003389877, 1.053003436751003, 1.0149944494982335, 2.012722979024089, 1.940735877120182, 1.5978767074818865, 1.653146704037394, 1.4555604790466312, 1.6317463881340246, 2.987977343569953, 2.8608311103120903, 2.440993324257945], [0.53734061930783239, 0], 110.39785599708557], (0.56312443233424159, 0), (0.58222222222222231, 0)], 4: [[[95, 0.36344674902292273, 0.9137967952322533], [0.75, 0], 1291.9414460659027], [[1.7376821802923461, 1.0254805198561543, 2.2073769763663944, 1.3712636450883993, 1.9910719539122312, 2.088722188626649, 1.5786718003332114, 1.9151294908710845, 2.302562418098388, 1.637410676554227, 1.0107296147647347, 2.716539852062075, 2.6049849903283917, 2.454935687320288, 1.006136155734727, 2.9322199876031934, 1.7206077168341638, 2.570694564313281, 1.0935470495420805, 2.185062924843187, 1.5952745204421395, 1.8777157167179723, 2.428278946421533, 2.5325674352472136, 2.895437549319679, 1.81835954860372, 2.5756990328522305, 2.461038181753773, 1.363983651643087, 1.7804075278104112, 1.1337369169598452, 2.794442689385211, 2.8595709052947966, 1.7181308661359787, 1.153001424079251, 1.4302329532338054, 1.523899342155903, 2.0726188430425125, 2.8165346560111995, 1.3039013823479635, 2.9213586550686017, 2.1024546135851314, 2.8425780521133373, 2.5233627809305883, 1.27516972365508, 2.7013622729815214, 2.0784051784164594, 2.1298216599272908, 2.767729366875102, 1.9404355652986076, 2.220350623199021, 1.822276349719508, 2.7129661487521695, 1.0741671199100835, 1.8488505107809527, 2.229112622871905, 1.232217403047335, 2.752247557538498, 2.5710232503686092, 2.15708560236368, 1.7409730689111607, 2.178330245592333, 2.0569503366603104, 1.991975992844112, 2.4935882962758145, 1.0896212046776235, 2.449532893112769, 2.7242127680529213, 2.7688581824068446, 1.4101772640749597, 1.0716907528602875, 2.0875039917810425, 2.020960552887469, 1.6583934829134312, 1.1077213634623255, 2.2052575695359913, 1.0207686883921103, 2.384907015718854, 1.3862496645770674, 2.95964907510347, 2.671479845676118, 2.6516884206177993, 1.6419914813892764, 1.6196573092531408, 2.9072923466396112, 1.1914211885235368, 1.929752431008615, 2.4097471130765578, 2.382308027782541, 1.8414159321006658, 2.9168823967612383, 2.1309306981229517, 2.9558376465522525, 1.710985736717221, 1.6593587387524542], [0.61243144424131624, 0], 129.86228895187378], (0.56065239551478085, 0), (0.5490018148820327, 0)]}, [(0.32450331125827819, 0), (0.43438914027149317, 0), (0.4669703872437358, 0), (0.56312443233424159, 0), (0.56065239551478085, 0)], [(0.49040511727078889, 0), (0.45719035743973402, 0), (0.51470588235294112, 0), (0.58222222222222231, 0), (0.5490018148820327, 0)], 6760.156695842743]

Total Runtime: --- 6760.15761781 seconds ---


------------------------------------------------------------
Sender: LSF System <lsfadmin@n3l4-3>
Subject: Job 643335: </share2/aagrawa8/miniconda2/bin/python2.7 DE_topics.py _topics cs> Done

Job </share2/aagrawa8/miniconda2/bin/python2.7 DE_topics.py _topics cs> was submitted from host <login04.hpc.ncsu.edu> by user <aagrawa8> in cluster <henry2>.
Job was executed on host(s) <8*n3l4-3>, in queue <shared_memory>, as user <aagrawa8> in cluster <henry2>.
</home/aagrawa8> was used as the home directory.
</home/aagrawa8/topics_de> was used as the working directory.
Started at Mon Nov 21 22:46:00 2016
Results reported at Tue Nov 22 00:38:44 2016

Your job looked like:

------------------------------------------------------------
# LSBATCH: User input
/share2/aagrawa8/miniconda2/bin/python2.7 DE_topics.py _topics cs
------------------------------------------------------------

Successfully completed.

Resource usage summary:

    CPU time   :   6767.43 sec.
    Max Memory :       231 MB
    Max Swap   :      1235 MB

    Max Processes  :         3
    Max Threads    :        19

The output (if any) is above this job summary.



PS:

Read file <./err/cs.err.643335> for stderr output of this job.

