Target Label: insulation

Runtime for 1 loop of DE termination: --- 3512.57741404 seconds ---


Runtime for 1 loop of DE termination: --- 3691.37232208 seconds ---


Runtime for 1 loop of DE termination: --- 3487.81067014 seconds ---


Runtime for 1 loop of DE termination: --- 3776.5101819 seconds ---


Runtime for 1 loop of DE termination: --- 3265.25748706 seconds ---

[{0: [[[93, 0.5874194175059916, 0.807030548389308], [1.0, 0], 3069.3757829666138], [[1.6285512209701374, 1.6929487495994555, 2.9761215455874632, 2.988894658312194, 1.4481058117935883, 2.145708823594593, 2.016843651394276, 2.9784560761709518, 1.7622758158311733, 1.2490698294472509, 2.7012308888582117, 1.7795408082790776, 1.263642616446819, 2.7181487107583, 1.825180761216199, 2.1937832465889118, 1.0620389182639383, 2.8449400831591865, 2.1043176985536025, 1.4136822905600241, 2.970409119343185, 1.9017252390753585, 2.8694482461212347, 1.7225595619275786, 1.6971339383469277, 2.9814201856329063, 2.645965452997017, 2.611264307319199, 2.4911206309715332, 2.4377265705351547, 1.5450592051730418, 1.5327192655689403, 2.596576358733728, 2.51802449187643, 1.1766358981004927, 1.672794404427263, 1.0462076267664135, 1.723887829679631, 2.5139426554265363, 1.5018943386826624, 1.444288805557509, 2.485072886250119, 2.4190028782500903, 2.1772354776776384, 1.2319887620545835, 2.6279409535260116, 1.1733287253194267, 2.223798685716912, 2.386052162056365, 2.392593225872395, 1.680085773278052, 2.0225759103908594, 1.5607874502099588, 1.9472453052573289, 1.3128902942298595, 1.795125279051984, 2.5457141292006904, 2.773014984273723, 1.0582575600086932, 1.2702487605083292, 1.4843330627049025, 1.4678649815347697, 2.140566178729039, 1.4604041594169805, 1.6575105515959154, 1.939157235913913, 2.9359035066367474, 1.4172046469254884, 1.6122990720638462, 1.992762856381795, 1.5170848512910817, 2.8794297021535686, 1.9063437521035551, 2.86026816766523, 2.8981134655663237, 1.7092581038940655, 2.973900315949556, 1.3862819151341519, 1.745021448662283, 2.422250748933954, 2.1762634406176047, 1.6378384803963004, 2.9270128805884696, 2.5206412583478874, 2.0197804928575263, 1.2130668628973724, 1.3474893625097866, 2.1873135545659035, 2.4441381801455906, 1.8386280237950072, 2.660807819276828, 1.0998860799129675, 1.4274430922827777], [0.46941678520625879, 0], 443.20163106918335], (0.46044370029300968, 0), (0.44648943421949561, 0)], 1: [[[74, 0.6680959824427999, 0.8762199900895187], [0.75, 0], 3356.411553144455], [[1.3007089955530546, 1.696667206281186, 2.3434971130750646, 2.251972547580661, 1.150866753131772, 2.8570362807571743, 2.2385266386601836, 1.0907190644275149, 1.2946300458050364, 2.853185124703895, 2.288676581111674, 1.038905187403729, 1.7831658046804566, 2.1793486812077045, 1.1402439039543206, 1.4508934673154184, 1.838591985906554, 2.3138424826060757, 2.321301300406356, 2.5766409038170686, 2.811542748818411, 2.9252586052321745, 2.8385702782503164, 2.84333454133994, 2.930864065214563, 2.9751863018119993, 1.6697158311724982, 2.206955216437855, 1.6085937072948269, 2.844450526208831, 2.8863934906053914, 2.710435755874351, 1.548975747166133, 1.5008931630230804, 2.138300603255388, 1.2658287121410239, 2.975526057872507, 2.9576836106985898, 1.528483585582138, 1.1661213011621296, 1.5316313452789083, 2.6059767763397406, 2.174072737920781, 1.5884791053256804, 1.3061217870214845, 2.6968047412935263, 1.2621020762971962, 1.9556938941336313, 2.558992850471073, 1.1484866202235884, 2.093908555747227, 1.6732901023863882, 1.5657263159477846, 2.085987980201214, 2.664694294105074, 1.6402559050597383, 2.9835885244105667, 1.68971051270001, 1.6588506465209396, 2.576085185362046, 1.6514780425213815, 2.3523895395016314, 2.9581727923907835, 1.5478751311301076, 2.107320912158286, 2.1036664355169044, 1.7846612858549247, 1.6842004334406706, 2.912106379021823, 1.874279844495603, 1.4649973085518866, 1.7046972906719846, 1.8907234012077376, 1.3857157427521372], [0.51857585139318896, 0], 334.9607689380646], (0.50885867325916767, 0), (0.51204819277108427, 0)], 2: [[[88.8, 0.41350350828114335, 0.8178870920293474], [1.0, 0], 3176.3379991054535], [[1.0322211489619963, 1, 1.8291472339333477, 1, 3, 3, 2.334427924188589, 1.3984250368390978, 2.4401744289009333, 1.7772162570835828, 2.7044735543730813, 3, 1.5310385754212723, 1.7588205989656922, 2.522973271906469, 1.6284335661456384, 3, 2.2384249872804376, 1.1711049014497064, 2.657584704567934, 1.5902200616605189, 1, 1.748495990287717, 2.884829787533818, 1.3146920957957795, 2.8285577997276805, 2.887900565097844, 2.212376090782113, 3, 1.2254150997044109, 2.0841105799903845, 1.2345374214787779, 2.2033690323619366, 1, 1.8003446748478122, 2.736310114347967, 2.1975371806802997, 1.5313336891776, 1, 1.8800601043715823, 1.3312838220991845, 1.8937704414359156, 1.4252527522609, 2.799993975746906, 2.955026771745339, 2.461818001043971, 2.8881207962874162, 3, 2.0484760809570592, 2.4354307547585927, 2.712955654598768, 1, 1, 2.4349034384137473, 1.3262846896681444, 1, 1, 1.5862994836125381, 2.287970043523374, 1.4581754116893517, 1.6838038111110039, 1.7384867192923643, 1, 1.4847507931060961, 1.1332172320193874, 2.101847308862731, 3, 1.7048445361482218, 1.7137602689672473, 3, 1, 1.1682236910313537, 1.06000567638366, 3, 1.6686286864345377, 1.433421819417993, 2.4048721065045306, 1.9797207296599768, 2.832861325281937, 1.7406110443980973, 2.1423429953582356, 3, 1.3932785715888585, 3, 3, 1.5609879016907477, 1, 2.9402304044366483], [0.56896551724137923, 0], 311.4726710319519], (0.49514563106796117, 0), (0.53527980535279807, 0)], 3: [[[100, 0.9180309135498339, 1], [1.0, 0], 3233.5198578834534], [[1, 2.0891429176915297, 2.4224872045502224, 1, 3, 2.195949049208325, 2.9719826786560546, 1.583890492271628, 2.2894436070792676, 1.222662028256535, 1.8492745099136925, 1.7670741890727486, 2.3623612887981125, 2.8433305285081416, 3, 1.0688846806709762, 1, 2.0491943446532037, 2.383567926937763, 1.6730618466717961, 1.1786002334166015, 1, 2.951429203696024, 1.7357099646329208, 3, 1.498622682803413, 2.8272368022041263, 2.7499027375792338, 1, 1.2641000204085244, 2.282523583088259, 2.1288176585877068, 3, 1, 1.7186043464376954, 1.3657980738551425, 3, 1, 1.9691887125740855, 1.0243716871737847, 2.379056533014785, 1, 1, 2.546510047164441, 2.35658449864318, 1.361449838170773, 1.6071124532600511, 1.2246174909175709, 1.7018723413819659, 1.0997160531509533, 3, 1.6801868432969387, 1.3307909824510786, 1.176153523919674, 2.5134437047187137, 2.2340564697804997, 2.723852668649442, 3, 2.6566296988009253, 1.7178844329242473, 3, 1.219831089154187, 1.3185191323101204, 1.5677665724473226, 1.5568134880106426, 1.903850716747332, 2.2077879434768892, 1.857989651141124, 2.513724034225251, 2.944104760166745, 2.2011050320681753, 1.003505148422934, 1, 1.5169188923054742, 1.9387480679034117, 1, 2.5131291759373555, 2.942398228379537, 1, 1.9327549358675904, 2.376796554464865, 2.717384392774695, 1, 1.5490371516028645, 1.5518901217024021, 1.2298451441693228, 1.6473370609924856, 2.4201887131282906, 1, 2.617576015142819, 2.05220432703259, 2.42153553582114, 1.1032515502354276, 1.8675136332012574, 3, 2.898005541253447, 2.3544231685089265, 1.5544005433254733, 1, 1.513164163397754], [0.41777188328912462, 0], 542.9903240203857], (0.39084090011843664, 0), (0.37549407114624511, 0)], 4: [[[50, 0.3029805169118892, 0.8005805819699611], [0.75, 0], 3094.845748901367], [[2.0593012706410123, 2.9839860961588855, 2.556866057262626, 1.4278325707075539, 1.7838797003453915, 2.401064470522824, 2.593180759861711, 2.5622875660046045, 2.2749210311176946, 1.3945504521368302, 1.2662155003397726, 1.4879145029755145, 1.5530839523621334, 2.6436032207881577, 1.2725573330380604, 1.4270927558282018, 2.7219641857350183, 2.076900544136997, 1.9391476405667174, 1.8358864896704101, 1.01612919071404, 1.9678157379436803, 2.6831646464483097, 2.264221718448146, 1.01940055346658, 2.9537260242535197, 2.2935052499361532, 1.3735556453581168, 1.7211691986434823, 1.3420367021512565, 2.7279592826898265, 2.407973394298719, 1.409163426762297, 1.6061242918139893, 1.1719200146117583, 1.1690281158556637, 2.575392683586882, 1.5200487678180739, 2.3867883663527385, 2.5381336806120816, 1.7930689540634916, 1.6495890818269898, 2.1562029697046956, 2.6206538974274656, 1.110150427780751, 2.224287812370365, 2.396612818050998, 2.90791748100336, 2.410519963455573, 2.7137179552991775], [0.55921052631578949, 0], 170.41173815727234], (0.56766762649115599, 0), (0.56326530612244896, 0)]}, [(0.46044370029300968, 0), (0.50885867325916767, 0), (0.49514563106796117, 0), (0.39084090011843664, 0), (0.56766762649115599, 0)], [(0.44648943421949561, 0), (0.51204819277108427, 0), (0.53527980535279807, 0), (0.37549407114624511, 0), (0.56326530612244896, 0)], 17733.92299604416]

Total Runtime: --- 17733.923964 seconds ---


------------------------------------------------------------
Sender: LSF System <lsfadmin@n3l4-1>
Subject: Job 649465: </share2/aagrawa8/miniconda2/bin/python2.7 DE_topics.py _topics diy> Done

Job </share2/aagrawa8/miniconda2/bin/python2.7 DE_topics.py _topics diy> was submitted from host <login02.hpc.ncsu.edu> by user <aagrawa8> in cluster <henry2>.
Job was executed on host(s) <8*n3l4-1>, in queue <shared_memory>, as user <aagrawa8> in cluster <henry2>.
</home/aagrawa8> was used as the home directory.
</home/aagrawa8/topics_de> was used as the working directory.
Started at Tue Nov 22 17:59:02 2016
Results reported at Tue Nov 22 22:54:37 2016

Your job looked like:

------------------------------------------------------------
# LSBATCH: User input
/share2/aagrawa8/miniconda2/bin/python2.7 DE_topics.py _topics diy
------------------------------------------------------------

Successfully completed.

Resource usage summary:

    CPU time   :  17749.96 sec.
    Max Memory :       430 MB
    Max Swap   :      1444 MB

    Max Processes  :         3
    Max Threads    :        19

The output (if any) is above this job summary.



PS:

Read file <./err/diy.err.649465> for stderr output of this job.

