Target Label: insulation

Runtime for 1 loop of DE termination: --- 3111.38976002 seconds ---


Runtime for 1 loop of DE termination: --- 3048.59255004 seconds ---


Runtime for 1 loop of DE termination: --- 3468.34092379 seconds ---


Runtime for 1 loop of DE termination: --- 3519.3562181 seconds ---


Runtime for 1 loop of DE termination: --- 2960.94266796 seconds ---

[{0: [[[138, 0.5874194175059916, 0.807030548389308], [1.0, 0], 2915.2410299777985], [[2, 1.5527450688758644, 1, 1.9756662795433582, 1.3914493331188669, 1.1486408030491093, 2, 1.2950192548153807, 1.5520564260840102, 1, 1.3902680600148105, 1.2544086723023908, 2, 1.3935520795499305, 1, 1, 1.25952245896721, 1, 2, 2, 1.5187910669586306, 1.7596621481213937, 2, 1.3486534720440884, 1.2186219526755064, 1.6819893119596845, 1.5086331059410703, 1.3093106707154032, 2, 1, 1.6479169671867873, 1.5644838776000165, 1.8536974236504176, 1.3173863012068976, 1.8447140638534636, 1.4372959604110562, 2, 1.5003436314777348, 1.1566137311621005, 1.7338210268006988, 1.6221742765392917, 1.1706015544165083, 1.177997062702939, 1.2284570933428933, 1.7665034944943374, 1, 1, 1.1446280449690591, 1.2171228908334146, 1.6362902797525485, 1.5967003385582714, 2, 1.5640882010846364, 1.0165217492767968, 1.4325134199322542, 2, 1.745375082583792, 2, 1.0903082030757643, 2, 1.1327876650182156, 1.4165404992963788, 1.8214640376739903, 1.2230852837276498, 1.5833469784747556, 1.049966507961398, 1.0384245055854548, 1.5728512718741756, 2, 1.2406441534684716, 1.4498141472678454, 1.321370077170388, 1.1446619430224558, 1.390648730818355, 1.359127632640104, 1.2951438130367081, 1.2272040792395311, 1.4354383617781528, 1, 2, 1.7867500843892337, 1.143329983180114, 1.99758454046782, 1.465667188191251, 1.1069261828958468, 1.7142950526256486, 1.0675307089816415, 1.59543413695575, 2, 1.6111734965112678, 1.4296991060916469, 2, 1.30638141446186, 2, 2, 2, 1.9091014774479915, 1.2304169441154615, 1.9891435478726582, 1.4842874328378834, 1.747524949481675, 1.9668475589395251, 2, 1.4805021733305244, 1.5051833743323586, 1.8447757780824725, 1.9741166491706228, 1.4970824287118525, 1, 1.0515425844447421, 1.6940218100985647, 1.4211130087767265, 1, 1.9548204336412298, 1.2520021213848775, 1.366256937470549, 1.33511264321911, 1.5945866046559614, 1.4876221118980595, 1.3636492830568343, 1, 1.2443067044156864, 1.989861650785101, 1.6686180993919748, 1.5125135098402964, 2, 1.7403946523312817, 1.9181600279188138, 1.3801236413634217, 1.9856582648095786, 1.7275576633515273, 2, 1.6146207741898593, 1.8054588799486955, 1.9034978477177498, 1.7188454431462583, 1.4172421880381392, 2], [0.44570502431118308, 0], 196.14873003959656], (0.42721518987341772, 0), (0.43219666931007145, 0)], 1: [[[114, 0.9804950916620153, 0.07262710351221219], [0.75, 0], 2859.7480969429016], [[1.1198780938787332, 1.7436463394692856, 1, 1.7515575777925898, 1.5013140362963022, 1.4154109805064325, 1.9261951988539896, 2, 1.0655669264404948, 1.7147851335557418, 1.32749516039708, 1.3089506150964307, 1.594263368255309, 1.395424557054647, 1.2541758753311638, 1.0071659807209286, 1, 1, 1.3123040579163299, 1.7569578255491378, 1.4926045924996707, 1.161762532441107, 1.5324986741243856, 1.4100412301324827, 1.0001012051574443, 1.436091860031771, 1.0311263663938135, 1.599411288744673, 1, 1.4418940810875185, 1.1028809898747123, 1.713104860617834, 1.0424310394591845, 1.7382616867443144, 1.4792209448007116, 1.681447779542994, 1.9673648087312734, 1.1858696470936536, 1.1750194113984713, 1.4638172207779374, 1.1327994152723138, 1.161200396346755, 2, 1.3717548719127464, 2, 1.6672668687066166, 1.709036286222829, 1.4705165006947187, 1.6899701418332371, 1.2765725015816092, 1.5855291092400008, 2, 1.966038254588485, 1.8697320997374927, 1, 1.2530920183085423, 1.7235741214289935, 1.4306811104925774, 1.7499933902911002, 1, 1.7116729831131379, 1, 1.4575582765238213, 1.0905696991990823, 1.07597507222455, 1.2892301800442039, 2, 1.527784980836318, 1.2064508677918018, 1.3320455724862668, 1, 1.5078583123567302, 1, 1.5976859045122784, 1.95662271379281, 1.8813942132966353, 1.608450626834296, 1.4916800976661284, 1, 1.9554804793334415, 1.3666707655502786, 1, 1.5944252102006242, 1.3348673220162979, 2, 1, 1.7521777802068932, 1.6571284524095664, 1.5586222246849424, 1.3778541768914274, 1.1440814291143035, 1.2822124698937754, 1.200714342546163, 1.51274106133024, 1.546522608998088, 1.6080165972507947, 1, 1.5804837137851921, 1.0670608050953467, 1.3164371920333475, 1.629419690863461, 1.2411948242612336, 1.196914108945674, 1, 1.0516243752971965, 1, 2, 2, 1.67189715979319, 2, 1.8334752357526203, 1.498697044340652, 2, 1.5334920023389949], [0.73093220338983067, 0], 188.84445309638977], (0.60233918128654973, 0), (0.63854047890535903, 0)], 2: [[[129, 0.3255589729024275, 0.9980828801928422], [1.0, 0], 3317.058296918869], [[1.5930652955737545, 1.4849349733584187, 1.335020039650842, 1.0521795179086604, 1.2532624529015974, 1.0826208333709797, 1.0943952375368722, 1.9079992313224587, 1.1120740234566338, 1.324241642855398, 1.944756628888521, 1.3395687725659098, 1.261976707897777, 1.5717527992196931, 1.9853532185577674, 1.5278172727409127, 1.5284188526161295, 1.5300285954827753, 1.2106706823150168, 1.2823377285505853, 1.9577704695909128, 1.3212606414254355, 1.4361547618146187, 1.4480783853702826, 1.1785800760677363, 1.1342189308018713, 1.2522898342384439, 1.7525597569489646, 1.0232902102581973, 1.151397875627998, 1.4828376543895456, 1.600882280042549, 1.3489201878241444, 1.191435645293073, 1.3347968144330213, 1.1308320275213202, 1.8096109598509726, 1.7724919158804666, 1.7435663576677314, 1.0210971841959458, 1.0997218063461216, 1.4504981038762788, 1.4970144731748476, 1.269186404465279, 1.4693202893376518, 1.0182500611720509, 1.9334422965652645, 1.6070667299031474, 1.066731019577643, 1.0928833665975326, 1.8454414334042628, 1.2005938242176326, 1.8752112236557572, 1.364328365928197, 1.6566024097477912, 1.2416016525972642, 1.208767652769676, 1.9420707096570955, 1.3514229336438548, 1.032153677664116, 1.328248889884689, 1.391903024314694, 1.087106845592412, 1.9003822064625748, 1.9106944728116226, 1.9730257011628316, 1.964674361627686, 1.9978661731030216, 1.4339318155801262, 1.218524986965126, 1.4473279916218247, 1.5387546547683877, 1.6148517095680954, 1.5212888115816305, 1.4385395341281677, 1.0636425709020811, 1.5945451440412857, 1.0455886781194481, 1.352552864022329, 1.98848103122777, 1.0868298800211136, 1.3093159933064968, 1.8640075686935034, 1.8672007555929544, 1.6130802854543806, 1.2162860653259098, 1.2408782811679941, 1.4484163386139763, 1.2072456850962485, 1.4940216735452425, 1.3757370694356987, 1.7842466373750199, 1.672186141685672, 1.7087233930922485, 1.198348566700849, 1.075645932668214, 1.8896271869533627, 1.7208423830426236, 1.9954658419535458, 1.0704189824248904, 1.011584385441037, 1.2784905148028585, 1.4178874944316298, 1.650246675079066, 1.4784892146827435, 1.3823880377286704, 1.3560278209867755, 1.9345506618510484, 1.039343078348826, 1.3921143550607313, 1.2830795297568818, 1.4904081305307604, 1.505021650807545, 1.4791218599207667, 1.7043243130674435, 1.557385700273593, 1.0700080660877065, 1.784852315424494, 1.1340470273435685, 1.1162693471321061, 1.907937334568658, 1.8166977605513057, 1.5826235588888249, 1.6679036684524244, 1.368272042026125, 1.1056295929425932, 1.9663721808490016, 1.183229190884332, 1.7289222042864196], [0.48920863309352519, 0], 151.2826268672943], (0.43057409879839781, 0), (0.43360433604336046, 0)], 3: [[[136.7, 0.8569786486069512, 0.7934521102917358], [1.0, 0], 3296.642309188843], [[1.6651769561354142, 1.483794761155466, 1.568483527599307, 1.1157233029454212, 1.2329160962138601, 1.6015443414323587, 1.9801751238407594, 1.2200018850657575, 1.3521490157758387, 1.2136643477321565, 1.2446551613286765, 1.6975130990233755, 1.1385189657336106, 1.3994376892211027, 1.04318732092376, 1.0179935717609152, 1.6939264669239644, 1.860429652419808, 1.216996091567243, 1.2974634197466153, 1.386431415575444, 1.2582006138299957, 1.4666582959760368, 1.5208356849461602, 1.491824737241047, 1.776652116492288, 1.1157688401714916, 1.5732786407801123, 1.1558859030176196, 1.8443511122548564, 1.0412863231981362, 1.124852077107799, 1.932623328886068, 1.917184601077739, 1.026122376940936, 1.3397584698773888, 1.6094820076075234, 1.8470416560131173, 1.4773798815208026, 1.860575286226137, 1.8470839348261143, 1.9231221113502937, 1.2618589137899159, 1.8412729265468077, 1.6178366012895156, 1.382346540268688, 1.9941657697381312, 1.8333790761509574, 1.8391953809656156, 1.7617343618348869, 1.7551192842694696, 1.6432293612453892, 1.8833144033339517, 1.8686508970375555, 1.023592068185531, 1.5037056947674279, 1.9022406972866868, 1.9760349587207167, 1.6083246160544435, 1.5823154770309635, 1.7710608218997121, 1.5813527460347307, 1.912007342330429, 1.699932089233707, 1.1674390826378043, 1.8126344117227666, 1.0448329960035712, 1.8049551762380986, 1.0384642640955222, 1.3753744111769062, 1.085949730790361, 1.8433791915655204, 1.4329016669651349, 1.73131547694324, 1.3160486152854833, 1.9808264809915141, 1.5089875291091697, 1.2505772708601504, 1.459863070880705, 1.5146069250608827, 1.816717355136742, 1.3662897619953562, 1.9215118113760161, 1.2840579613864924, 1.709693399216516, 1.8184741487822933, 1.5447142080574205, 1.2722125602187484, 1.0351606946441123, 1.6283695232953723, 1.565674138993284, 1.6286116907653998, 1.5913146943372938, 1.4467027212549466, 1.824209575803061, 1.5777785108775702, 1.4422399310201144, 1.7247413676353418, 1.5794553165595757, 1.3566497822531973, 1.7131638583077984, 1.6366470230692398, 1.8945193515203143, 1.5691932237545276, 1.3236152384243176, 1.510937957958028, 1.4385651199383642, 1.8078337018922646, 1.6315401509582421, 1.9258302429767233, 1.5073413941325091, 1.9190574958735338, 1.280230794280044, 1.4018492611506554, 1.8532514117233383, 1.8086708210833211, 1.842804332427543, 1.9107172130580201, 1.358902176606301, 1.5719392272976807, 1.9069393336889642, 1.368222476153767, 1.5100586222074506, 1.6052551003496514, 1.944275149640867, 1.5705702560468424, 1.4457977182180017, 1.3089987007845894, 1.7721123385097979, 1.599252416087491, 1.8316465217859488, 1.1487359186753354, 1.3780562329073744, 1.441924674497467, 1.3857486851320115, 1.2193045271269791], [0.64853556485355657, 0], 222.71390891075134], (0.49937578027465662, 0), (0.56134259259259267, 0)], 4: [[[100, 0.6845276651281724, 0.8958995078122899], [1.0, 0], 2832.4138879776], [[1.4945802138505466, 1.2544011526708156, 1.4617139249227513, 1.2922709405034936, 1.0999010558598572, 1.4348108455078183, 1.2943858181343766, 1.2169781999790543, 1.123546729613604, 1.600229346045751, 1.6479279614516122, 1.70642355383116, 1.0594623056878696, 1.6157400054446684, 1.4875165516032516, 1.7212012779143016, 1.6232641930941116, 1.4343349300295722, 1.6384185116168504, 1.1008002646084392, 1.8661907826873374, 1.6502461247152067, 1.5806008855491296, 1.2383152322390552, 1.3256074980957306, 1.687941601427496, 1.9194002988068963, 1.2155673476786446, 1.201432069203737, 1.5245214604884345, 1.6469747089334792, 1.591403089725806, 1.1060289297971655, 1.426932139942581, 1.01805209042973, 1.3021051293157924, 1.2421542084868347, 1.889025307262338, 1.3335746485560396, 1.9178414914391106, 1.931890385982736, 1.9198792875186141, 1.083329347634597, 1.0783302642560249, 1.8316794662419729, 1.0656351063278198, 1.910216643987912, 1.1699535000645227, 1.212730762254291, 1.4155252479016251, 1.4225479891086281, 1.4729566749963943, 1.1147105560905788, 1.3704973930082898, 1.624675950995715, 1.9326545803490622, 1.6634756300149953, 1.8028718785418971, 1.2524549700016085, 1.2166149701440503, 1.357265858962728, 1.2465530207677973, 1.6855108393633909, 1.1373244630945636, 1.4481852912114415, 1.306040677972561, 1.3536086996106356, 1.7786001063488552, 1.322368075977204, 1.2668680574167606, 1.756462293120073, 1.4460743453832752, 1.543820321635413, 1.6459899805649005, 1.2134433714290158, 1.4393916155887405, 1.1413762449077796, 1.3319867567482824, 1.5819788866114788, 1.1227404368922018, 1.6669224440568526, 1.543960267596045, 1.8192244033695992, 1.6906645270062222, 1.8112465552247659, 1.3738031942126856, 1.0727959528972117, 1.3803346022715899, 1.2830660878701998, 1.8756310516961718, 1.149439222339847, 1.8422204260136716, 1.4174212990040551, 1.2043486368492327, 1.4518014103819936, 1.4879078288295493, 1.9618977138748983, 1.9476614846442997, 1.0751120605252955, 1.164654953045349], [0.51401869158878499, 0], 128.5287799835205], (0.49954995499549948, 0), (0.48748921484037966, 0)]}, [(0.42721518987341772, 0), (0.60233918128654973, 0), (0.43057409879839781, 0), (0.49937578027465662, 0), (0.49954995499549948, 0)], [(0.43219666931007145, 0), (0.63854047890535903, 0), (0.43360433604336046, 0), (0.56134259259259267, 0), (0.48748921484037966, 0)], 16108.920506000519]

Total Runtime: --- 16108.9212031 seconds ---


------------------------------------------------------------
Sender: LSF System <lsfadmin@n2f1-8>
Subject: Job 628064: </share2/aagrawa8/miniconda2/bin/python2.7 DE_topics.py _topics diy> Done

Job </share2/aagrawa8/miniconda2/bin/python2.7 DE_topics.py _topics diy> was submitted from host <login03.hpc.ncsu.edu> by user <aagrawa8> in cluster <henry2>.
Job was executed on host(s) <8*n2f1-8>, in queue <shared_memory>, as user <aagrawa8> in cluster <henry2>.
</home/aagrawa8> was used as the home directory.
</home/aagrawa8/topics_de> was used as the working directory.
Started at Tue Nov 15 14:59:45 2016
Results reported at Tue Nov 15 19:28:15 2016

Your job looked like:

------------------------------------------------------------
# LSBATCH: User input
/share2/aagrawa8/miniconda2/bin/python2.7 DE_topics.py _topics diy
------------------------------------------------------------

Successfully completed.

Resource usage summary:

    CPU time   :  16110.34 sec.
    Max Memory :       396 MB
    Max Swap   :      1542 MB

    Max Processes  :         3
    Max Threads    :        23

The output (if any) is above this job summary.



PS:

Read file <./err/diy.err.628064> for stderr output of this job.

