Target Label: insulation

Runtime for 1 loop of DE termination: --- 1168.54061413 seconds ---


Runtime for 1 loop of DE termination: --- 1294.70243096 seconds ---


Runtime for 1 loop of DE termination: --- 1008.70914912 seconds ---


Runtime for 1 loop of DE termination: --- 1252.37096691 seconds ---


Runtime for 1 loop of DE termination: --- 987.423391104 seconds ---

[{0: [[[93, 0.5874194175059916, 0.807030548389308], [1.0, 0], 1054.6769790649414], [[2.8893017897247555, 1.6077154492981802, 2.8933456702374674, 2.864945623603262, 1.823309262896049, 2.1176634462191846, 1.4261480849589299, 1.7941309830377508, 1.1755547366332044, 2.5159239669199938, 1.3347802380640295, 1.112945269341187, 1.0964548735363864, 2.036183698003579, 1.163715699683397, 1.9776877954082008, 1.494754138706621, 1.8389234895497235, 2.2158960450353407, 1.2994930550480304, 1.9506989176906306, 1.6009623738786785, 2.5032648550634797, 2.651733088922562, 1.4710796682480902, 2.608233117302673, 1.6445039008490832, 1.9716562500360915, 1.5141446491438533, 2.8504668441143832, 2.807101533707897, 2.427104775957413, 1.065596237993764, 1.4460761443164147, 1.133218228831771, 1.1426308469356135, 2.5955889908078023, 2.883896997207163, 2.0418778134119138, 1.1227007811161727, 2.102310000210811, 1.7077286596000278, 2.30235105542282, 1.6476838741345126, 2.88236652525662, 1.9077698843998059, 1.780318052925544, 2.7911201992565946, 1.8527991771660672, 2.7740126642513188, 1.0459781247493896, 2.846196260047653, 1.9694652958975067, 1.020416000886604, 2.472191841117911, 1.725236879842782, 1.8875828262934289, 1.1749613506701762, 2.8924401708301613, 1.9452534122813754, 2.3527966893319743, 1.9212444930699686, 2.959607103304308, 1.904719457193034, 1.2146271475135264, 1.6951526515078912, 1.3505955737710609, 2.302214901747493, 2.5791465167435152, 2.3626914534890817, 1.875557095230582, 2.4457629709236928, 2.6454567149672275, 2.653341585795289, 1.7888461734424959, 2.7515924511322574, 2.609133251111433, 1.4153414287488946, 1.0247169299358867, 2.754592588744792, 1.7827958979874987, 2.2586552243867146, 1.7849804147067332, 2.9636146346200265, 2.4897284700889837, 1.6056150038488664, 2.5480617886920536, 1.5443437665186186, 2.478507472496717, 1.934406303880419, 1.099670958407465, 2.4300534220282985, 1.1750126062739232], [0.54628224582701068, 0], 113.86363506317139], (0.60109289617486317, 0), (0.58028616852146264, 0)], 1: [[[98, 0.8243220976741459, 0.7781360480714883], [1.0, 0], 1131.6790239810944], [[1, 1.1081706314335789, 1, 3, 1, 1, 2.539962445231369, 1.3268438388423176, 2.649252191733996, 3, 2.343507353000555, 2.9102547479512495, 3, 1.8825899768376828, 2.3245630508754203, 1.3128963205924051, 2.5997031844436176, 2.1357724671599434, 2.232665529845892, 3, 1.4525018387875046, 3, 3, 2.1955622734569467, 3, 2.9601244511088005, 1.3720761498792626, 1.4608787170935889, 1.6892613942070647, 2.790543300103388, 2.8525732625824602, 3, 2.054112324176392, 2.8647382517303885, 2.2798289467015085, 3, 3, 2.4206894978808626, 1.5851504149333724, 3, 3, 1.9427780768038958, 1.481566810309863, 1.4242784482102182, 1.658876270522088, 1, 3, 2.9001561049859066, 3, 2.3527083418993633, 2.471759783414389, 3, 3, 2.856770733994305, 1.6132871648509783, 1.2153517207608682, 3, 1, 2.048673367607783, 1, 1.7018167586279582, 2.100070783401586, 2.8517197483515346, 1.7315120062609561, 3, 1.9932967688502137, 2.3555438806378493, 3, 1, 1.7450714367042794, 1, 3, 2.492142722088509, 2.658597381898928, 1, 1.8029823560389535, 1.0914600547293543, 1.1236846148725357, 3, 1.4851896911707216, 3, 2.7662832243773154, 1, 1.4023813589776093, 1.3069375125096547, 3, 2.4364132330924737, 1.22480143155187, 1.6976711724172944, 3, 1.0345293598440484, 2.769581561362383, 1, 2.6655099530259885, 1, 1.5863901446043003, 1.8015928358334903, 2.1573911647848627], [0.46176046176046176, 0], 163.02340698242188], (0.44180118946474084, 0), (0.45886075949367089, 0)], 2: [[[50, 1, 0.9012638264228908], [1.0, 0], 954.3590099811554], [[1.841440616292353, 1, 1, 1.395572852300397, 1.3251313186923501, 2.7786408141872925, 2.222589231927762, 2.094050130878667, 1.6374962638400015, 3, 1.7984509081549518, 1, 1.3071149852008137, 3, 1.051244479815058, 2.498488756767253, 2.9212312601905843, 1, 1.262198561615985, 2.2815263245466237, 1, 3, 2.091846277087094, 1, 1.9007525445296805, 1, 2.615403138870081, 2.5483938758541678, 1.3079809698567624, 2.4892712297996784, 2.696956540150343, 2.443139365627231, 3, 1.4768793751612075, 3, 2.4719192842631896, 2.303367349059381, 2.806278908088096, 1.5898211098508188, 2.4434277991989446, 2.338731659597004, 2.929386148278301, 1.535311203138997, 2.725381346540995, 1, 1.983157757964331, 2.3775534896354813, 2.235641840951721, 2.644682660392979, 1.0569652847124444], [0.53084648493543762, 0], 54.350139141082764], (0.5278716216216216, 0), (0.52813852813852813, 0)], 3: [[[82.2, 1, 1], [1.0, 0], 1139.7455270290375], [[3, 2.274587646860293, 1.5069316851414938, 1.6125507860812553, 1.568376516821299, 1, 1.7139383377322521, 3, 1.605685630455765, 3, 1.9683907997633043, 1.422267811447871, 1.3339710625482943, 1.0815839415436215, 1.0205835241352315, 1.0030706513921532, 1.1646585614901526, 1.941338822915315, 1.0842575879453578, 1.1862439850209212, 2.749768100205612, 1.6894607816294869, 3, 3, 2.4886169209147933, 1.2649511130651954, 2.664530988096145, 1.0500619969531542, 3, 3, 2.316840034686677, 2.8138356648302456, 1.832460981082755, 2.0959924919563546, 1.9636105682263818, 1.5260939838906904, 3, 1.4030120176931669, 2.3369480779088296, 2.362014353312002, 1, 3, 1.5311854309336628, 2.4089711804729506, 1, 2.1026824185406414, 1.567783181656213, 3, 1.2974755536147182, 1.369879281151396, 1.1598598782778846, 1.3174457207385073, 2.2761990104915095, 2.5270015614762578, 1.2028204822945976, 2.655917649586865, 1.1392007452187776, 2.1555043011398145, 2.460320734659809, 2.3396222637195674, 2.276883186730273, 1.5769740648096, 1.7259557166135804, 2.411101717860507, 1, 2.245431686948963, 1, 1.6863058718436088, 2.3118924251098667, 2.9186810254312805, 1, 1.96304365273326, 2.7360095985067954, 1, 1.7980172674175203, 1, 1.8290776657339833, 1.7566307057388129, 3, 3, 2.445963116618846, 1.0335394429922524], [0.5007587253414264, 0], 112.62543988227844], (0.48357664233576642, 0), (0.48108552631578949, 0)], 4: [[[55.5, 0.585588722917104, 1], [1.0, 0], 923.6942720413208], [[2.7528854260462516, 1.573257414895192, 2.4498739145077115, 1.2717687476789328, 1.640001820360661, 1.9206933555670889, 1.3214979680848777, 2.5083490866878493, 2.032083341839069, 2.670984178225699, 2.6861429500784135, 2.745173907075656, 2.8898299859230967, 2.856436609682215, 1.3922953050188547, 1.5878635509500512, 2.5678728770350014, 1.6751645700984017, 2.8265398210778323, 1.8839417545102077, 1.008055450421547, 2.856943225145986, 2.864661048955189, 1.9187121137717527, 1.3724375995213998, 1.202162232419733, 2.6997991268288715, 1.7268836138028825, 2.2963553086688937, 1.8101697649891226, 2.662248055074969, 1.2691815949659955, 2.5797117146179156, 1.0782630753571405, 2.65288555994038, 1.5590126553550667, 1.5101766624296484, 2.683944275146516, 1.973007005523428, 2.816067188890548, 2.299209959627552, 1.087214256890832, 2.6804857707908596, 1.7828887104938782, 2.807845312102535, 2.2533493657979062, 2.191239901310084, 2.261738071820824, 1.806232270026975, 1.0261045169538157, 1.6042134076525896, 1.3421882176394209, 2.853190406635771, 2.7011233011291, 1.4910253171879457], [0.47244094488188976, 0], 63.729119062423706], (0.46377792823290453, 0), (0.43939393939393934, 0)]}, [(0.60109289617486317, 0), (0.44180118946474084, 0), (0.5278716216216216, 0), (0.48357664233576642, 0), (0.46377792823290453, 0)], [(0.58028616852146264, 0), (0.45886075949367089, 0), (0.52813852813852813, 0), (0.48108552631578949, 0), (0.43939393939393934, 0)], 5712.030594110489]

Total Runtime: --- 5712.03097701 seconds ---


------------------------------------------------------------
Sender: LSF System <lsfadmin@n2g2-8>
Subject: Job 643336: </share2/aagrawa8/miniconda2/bin/python2.7 DE_topics.py _topics diy> Done

Job </share2/aagrawa8/miniconda2/bin/python2.7 DE_topics.py _topics diy> was submitted from host <login04.hpc.ncsu.edu> by user <aagrawa8> in cluster <henry2>.
Job was executed on host(s) <8*n2g2-8>, in queue <shared_memory>, as user <aagrawa8> in cluster <henry2>.
</home/aagrawa8> was used as the home directory.
</home/aagrawa8/topics_de> was used as the working directory.
Started at Mon Nov 21 22:46:00 2016
Results reported at Tue Nov 22 00:21:29 2016

Your job looked like:

------------------------------------------------------------
# LSBATCH: User input
/share2/aagrawa8/miniconda2/bin/python2.7 DE_topics.py _topics diy
------------------------------------------------------------

Successfully completed.

Resource usage summary:

    CPU time   :   5713.71 sec.
    Max Memory :       326 MB
    Max Swap   :      1467 MB

    Max Processes  :         3
    Max Threads    :        23

The output (if any) is above this job summary.



PS:

Read file <./err/diy.err.643336> for stderr output of this job.

