Target Label: equipment-recommendation

Runtime for 1 loop of DE termination: --- 1106.42941117 seconds ---


Runtime for 1 loop of DE termination: --- 940.147847891 seconds ---


Runtime for 1 loop of DE termination: --- 777.872853041 seconds ---


Runtime for 1 loop of DE termination: --- 847.378103018 seconds ---


Runtime for 1 loop of DE termination: --- 908.770303011 seconds ---

[{0: [[[97, 0.7690319446203151, 0.7441672436940188], [1.0, 0], 949.647449016571], [[3, 2.1035434875154957, 1.2867644045191002, 1.1414651132961573, 2.022229044720509, 2.9671517016221087, 1.1872386530954657, 2.556968048861055, 2.5077389205108425, 1.9402422463477604, 1.6737451231848022, 1, 1, 1.9493917982951117, 2.6277203407385747, 1.091044505921803, 2.687340982938442, 2.6533473706723147, 1.7508593937485877, 1.2543593562829687, 2.0376680026467078, 2.616951982272495, 1.8355386997727166, 2.586250263176522, 2.341598384424842, 2.5589003039348888, 1.4638300618335418, 2.875755653581437, 2.575022028163243, 1.1164262632725865, 2.343841015859064, 2.3122864428796266, 2.837351096769185, 2.119845170147216, 2.672176842153699, 1.9561939743765806, 1, 1.8711036453040104, 1.6747751079234496, 1, 1.8533704546011476, 1.7509009812981762, 2.3346908955957595, 1.9899084716295037, 1.8736634481201586, 1.792993583833907, 2.0421202330307198, 1.706848556719653, 1, 2.094721672027838, 2.3610677735577443, 3, 2.980562308613895, 2.18380563577462, 2.008174098695223, 1.4899544842957666, 1.399916623739588, 1, 1.8424536212962632, 2.5229981749730257, 1.9451161754004893, 2.6417684716283025, 2.389896994904755, 2.060435482139465, 1.879824632646415, 2.103754885931859, 1.6119201960929181, 1.597556688428584, 1.8478831026553182, 1.5787137894994814, 1.3418864096038527, 2.1995444719962522, 2.2806575057975733, 1.0249794295770336, 2.479324275223252, 1.6517552179682624, 2.295439458150609, 2.1921859981511354, 1.2887003353410755, 1.601322069683687, 3, 2.371032567424283, 2.2176036649048396, 2.5403701991614325, 1, 3, 1.4081134554173886, 1.8599120311836594, 2.127137780551294, 1.2737489703317149, 1, 2.2908994004562064, 1, 1.5011134333972396, 2.2513834062335265, 1.8903161231160963, 2.120044989645156], [0.39649415692821366, 0], 156.78196215629578], (0.27322404371584702, 0), (0.31357177853993146, 0)], 1: [[[98, 0.40246515147752493, 0.8915394036073762], [1.0, 0], 794.6277248859406], [[1.7559570567648772, 1.538473840985446, 2.2742813400289776, 2.985362753875651, 1.8134674474674795, 1.6246746384798842, 2.2408914542776186, 2.2310588866226957, 2.2157178553807326, 2.398794359884991, 3, 1.9466903301461358, 1.3755583278919212, 1.282238637392718, 2.724772163539039, 2.017252662912503, 1.262265943041385, 2.0780685834234425, 2.0600554696573434, 2.8612020561649434, 1.2414964136645295, 1.6603539204387756, 1.674158062553111, 2.9048511833643746, 1.289607062466984, 2.5806323101585606, 3, 2.154045645098297, 2.6025983111738658, 2.882462532718865, 3, 1, 3, 1.385775887140923, 2.2001466123780804, 1.28006413625458, 2.0175606367682297, 2.168351743804449, 1, 2.5724311479748, 2.839711845531637, 1.0987212049589252, 1.213755391327766, 1, 3, 2.3467992670125, 2.7679474553126933, 1.3277101740116781, 2.7058681466760324, 2.097815349157386, 1.1485036694460808, 3, 3, 2.8976762869156363, 1.0967753936378313, 2.0968900815333487, 1.8344503693628267, 1.0021718268102222, 2.558964044839647, 2.133072350871707, 2.106728580048247, 1.6592322851872376, 2.0540333278600165, 2.761775807503941, 2.5803805573303253, 1.7664025580634035, 1.4850895335715744, 1.895753039473195, 1, 1, 1.3531846259878604, 1, 2.7005936973811613, 2.2582540106237188, 1, 2.8756998734819423, 3, 1, 2.337640125685391, 1.5576120010626147, 2.2427319064697433, 2.443621832413773, 2.755189073515876, 2.5447094092866553, 3, 2.103508545432443, 2.165277699180685, 2.363119418842172, 2.7103889365000673, 2.9699916225003102, 1.203238790382531, 2.057508778100965, 2.7710723855401236, 1.6474014671960047, 2.768622826666025, 1, 1.4107240972058324, 1.5177337735665992], [0.40455120101137798, 0], 145.52012300491333], (0.36191041234055177, 0), (0.35161553081726854, 0)], 2: [[[50, 0.20430285333305404, 1], [1.0, 0], 709.8019368648529], [[3, 2.8715014603536853, 2.720355025681911, 3, 2.9909972051382026, 2.4451879834435695, 2.849679027251573, 3, 1, 2.6009609769394064, 2.8043705650322632, 2.1219281888160246, 1.409991309954063, 2.070755807869133, 1, 1.5496857954461918, 1, 1, 1, 1.5977238113780288, 1.3496647770121002, 1, 2.404079348995963, 1.565721907678479, 2.044264729042682, 1, 1, 2.42606085082263, 3, 2.8671322285691825, 2.3525805920716567, 2.784313622335979, 1.753531767202672, 1.4080801949120985, 2.1795268514194075, 3, 2.1557692798863397, 1.123468868911886, 2.604673979634346, 1.5795528902970233, 2.4652806483975076, 2.9019872983744657, 1.1957432862717603, 2.215029284450271, 1, 1.7692954059285226, 1.5832716118359513, 1.597031908780503, 2.5444681358128802, 1.146636634107793], [0.39726027397260277, 0], 68.07091617584229], (0.40870893812070286, 0), (0.41666666666666674, 0)], 3: [[[70, 0.5937944216854344, 0.9109107604497438], [1.0, 0], 752.3586890697479], [[1, 1.3279889182348856, 3, 2.8367651684366626, 1.974045612442231, 2.1443276961153166, 1.8986655069691416, 2.3555987566438343, 1, 2.3408922826887695, 1.4551304594855434, 1.8512237185689875, 1, 1.2789472396000732, 2.661193933330716, 1.8560261097467043, 1.6642112254515924, 2.030369731060217, 2.728454692582139, 2.5909436660076084, 2.842313476230779, 1.6305576312342114, 1.008665334672473, 1.3493133135803768, 3, 2.913710743102472, 1, 1.8481138198368317, 2.8201065881351237, 1.2631826208112131, 2.3200006777905804, 1.6930615505050715, 2.361204777986811, 1, 2.8715090131599905, 1.866497914945354, 2.9994414106300367, 2.7223921634329966, 1.4053077260837648, 1.432368151074804, 1.826303548891696, 1.7515812826864203, 1.7350326313963986, 1, 1.5343422297621887, 1, 1, 1.4132507613607193, 2.429050632497495, 1, 1.0578500401534054, 2.998852603065812, 2.6131054144536474, 1.1334176785592944, 2.6677197715411145, 1.4661176023444664, 3, 1.9704849696805062, 1, 2.3321112897113223, 1, 1.8970350764310706, 3, 3, 2.460227956449998, 2.006450256356423, 1.9101155188466274, 2.897523792983043, 1.7593695695296978, 1.8432437254903067], [0.45568561872909691, 0], 95.01941394805908], (0.39639639639639646, 0), (0.40058115400581146, 0)], 4: [[[86.8, 0.6707188801408149, 0.8213285587249752], [1.0, 0], 781.1636610031128], [[3, 2.5577618911958075, 1.2418174778146098, 2.5848669814165643, 3, 2.4711139414997283, 1.5181169787440811, 2.7413459073675908, 3, 1, 2.9100502291817, 1, 1, 1.7199866448543397, 1.4289768868923414, 1.4188633516445839, 1.4639951567024392, 1.1064258997514416, 1, 1.5696712752439443, 1.1990109413643586, 3, 1.2801865784234874, 2.047882796938563, 1, 1, 1.5639319056755059, 1.6514918948278927, 1.6772600570105958, 3, 2.3152971312321617, 1.153915162749281, 1.1941080614669124, 1.3323107374717367, 1, 1, 3, 3, 2.6808810292177876, 1, 1, 3, 2.386060663520825, 3, 1.950169399488419, 2.623758303175471, 2.275497144925524, 1.160608265468566, 2.178338523291704, 2.968412020758425, 1.0331432330936359, 3, 2.2782751811847826, 3, 1.5677500760874759, 3, 1.1891529505824656, 3, 1.1574288941784132, 3, 1, 1.078368553049493, 2.636398154724596, 1, 1.3218790747901767, 3, 3, 2.496055870954626, 2.336856530315754, 2.362479369095352, 1.192486988407173, 3, 2.6246111470936, 1.191791714468712, 1, 1, 2.779860457173092, 2.583083407175549, 1.574646172465781, 1, 3, 1, 1.1231108575830269, 1.0554373813845723, 2.0900782352571485, 3], [0.40710584752035522, 0], 127.60664200782776], (0.37499999999999994, 0), (0.36476584899649567, 0)]}, [(0.27322404371584702, 0), (0.36191041234055177, 0), (0.40870893812070286, 0), (0.39639639639639646, 0), (0.37499999999999994, 0)], [(0.31357177853993146, 0), (0.35161553081726854, 0), (0.41666666666666674, 0), (0.40058115400581146, 0), (0.36476584899649567, 0)], 4580.920356988907]

Total Runtime: --- 4580.92074394 seconds ---


------------------------------------------------------------
Sender: LSF System <lsfadmin@n2f1-5>
Subject: Job 643337: </share2/aagrawa8/miniconda2/bin/python2.7 DE_topics.py _topics photo> Done

Job </share2/aagrawa8/miniconda2/bin/python2.7 DE_topics.py _topics photo> was submitted from host <login04.hpc.ncsu.edu> by user <aagrawa8> in cluster <henry2>.
Job was executed on host(s) <8*n2f1-5>, in queue <shared_memory>, as user <aagrawa8> in cluster <henry2>.
</home/aagrawa8> was used as the home directory.
</home/aagrawa8/topics_de> was used as the working directory.
Started at Mon Nov 21 22:46:00 2016
Results reported at Tue Nov 22 00:02:38 2016

Your job looked like:

------------------------------------------------------------
# LSBATCH: User input
/share2/aagrawa8/miniconda2/bin/python2.7 DE_topics.py _topics photo
------------------------------------------------------------

Successfully completed.

Resource usage summary:

    CPU time   :   4580.18 sec.
    Max Memory :       306 MB
    Max Swap   :      1452 MB

    Max Processes  :         3
    Max Threads    :        23

The output (if any) is above this job summary.



PS:

Read file <./err/photo.err.643337> for stderr output of this job.

