Target Label: equipment-recommendation

Runtime for 1 loop of DE termination: --- 1828.05344605 seconds ---


Runtime for 1 loop of DE termination: --- 1575.81224799 seconds ---


Runtime for 1 loop of DE termination: --- 1631.43911481 seconds ---


Runtime for 1 loop of DE termination: --- 1607.57874894 seconds ---


Runtime for 1 loop of DE termination: --- 1682.68248415 seconds ---

[{0: [[[97, 0.7690319446203151, 0.7441672436940188], [0.75, 0], 1610.5461659431458], [[2.2757442146478484, 2.9832824988046833, 2.283378991939812, 1.6092010360406106, 1.7773922233034476, 2.758944498389874, 1.7243093029296108, 2.5906105469244123, 2.3745682086631916, 2.3747208000206905, 2.2136686286522056, 2.690101255529339, 1.3027456878254708, 1.5232330379610717, 1.1248294150614495, 1.15183751127337, 2.754646445174325, 2.897374322022084, 1.2064998599610315, 1.166444402768943, 1.4748725969622114, 1.5988620803697584, 1.8175591117856817, 1.2697314120567065, 2.579708885227861, 2.190065329409873, 1.6059667212127262, 2.088206630410559, 2.0214365806587145, 1.6607136753668348, 1.2159213568613672, 1.6427955202889308, 2.807645573129835, 1.0162499274135668, 1.206924733218096, 1.19931868110814, 1.7179169799229628, 1.7170651759220885, 1.0808398331034645, 1.2346122990504091, 2.6644086872938084, 2.7853368469231494, 1.3204955651375156, 2.8038452493609207, 1.536926919681586, 1.2658710323897975, 1.6011388588742579, 1.6778710133577888, 1.9005744451615691, 2.222449000215387, 2.2220690817576436, 2.7544121894393148, 1.403872329958165, 1.3273625455593137, 2.0185912475939443, 2.25535323894657, 1.1392985004740441, 2.970452930022841, 1.6454552612411077, 1.1998213751014515, 2.2619350046175626, 2.1972607305769087, 1.342152609911315, 1.9654773635379912, 1.611527059123573, 1.552893164482846, 1.55107882027983, 1.9867892951370223, 1.3660288484760386, 1.719462261009236, 1.309484445216175, 1.5388115589616203, 1.5790387085987447, 1.1690470470536072, 2.543632638089484, 2.457141708599451, 1.4543246338353846, 2.8068277197855727, 2.7175200513631137, 1.2057348906915126, 1.7694860824589234, 1.6519243662593093, 1.9448674705751396, 1.9623502445781873, 1.441426580968756, 1.3625398888519824, 1.8229136270315986, 1.242913293048671, 2.6739927112415938, 1.921147799269789, 2.0217628623432295, 2.8357867041633376, 1.3116034985763583, 2.7033377020166793, 1.5177372147195158, 1.7698058342391134, 1.0958165425136857], [0.41666666666666657, 0], 217.50728011131287], (0.33333333333333326, 0), (0.35834266517357222, 0)], 1: [[[74, 0.47546917060641336, 0.9965740347265105], [1.0, 0], 1432.7311511039734], [[1.0224540155855566, 2.620906379195016, 2.0809926518254533, 1.6597017083030134, 1.3338354403882209, 2.3740744597778534, 1.6190291358203805, 2.783689699009535, 1.1167769508540328, 2.7952998314945576, 2.4504665889242334, 1.049312555429783, 2.6966407861997026, 2.1772993000369896, 2.004631226837709, 1.2031177329432414, 2.6934749895714716, 1.3165494632473242, 2.012310832453262, 2.3473203051486538, 2.9071680836854528, 2.5798697420268715, 2.834975165466864, 2.247774552508366, 2.9906268372019476, 2.2114110573322536, 1.5333105858741534, 2.8588928736410644, 1.073047085230295, 1.388694998578557, 1.8375659153116437, 1.8433418201614924, 2.243693898557888, 1.4387389520484957, 2.9386211023668514, 2.52205178795515, 1.144428690191398, 1.40589175302659, 2.7271929345898904, 1.2539252060417307, 1.8676680168510813, 1.1268919604455825, 2.48928933854245, 2.7464223561401933, 1.0317944364529255, 1.362214775248388, 2.5712616314868058, 2.236335555045621, 1.7438791360238968, 2.518401886697567, 2.267856908992204, 2.707146819543004, 1.1245282499158609, 2.3585178122132375, 2.633290709487227, 2.8679617205566537, 1.54626496442151, 1.3192252948137362, 1.4820256853999154, 2.92513541938358, 1.1187396090543293, 1.0876449932295194, 2.496117388715774, 2.2632057092932487, 1.9559173125900844, 1.7062019669389243, 1.076196525552537, 1.3384654222937309, 2.5731731074647746, 1.3980981861533706, 1.5161361064309038, 2.3420201403870795, 2.5966514175842956, 2.5868690070424774], [0.4084609773887673, 0], 143.0810968875885], (0.38913504141783856, 0), (0.38265306122448978, 0)], 2: [[[62, 0.23251082062449976, 0.30520524240801383], [0.75, 0], 1525.338485956192], [[1.1242752505255342, 1.6152854972451147, 1.8681285181585952, 1.8428525172804973, 1.3914235584373222, 2.2827986377310463, 2.9267447892993554, 1.6515377605762485, 2.3272703851116967, 1.5014960484330395, 2.0644471383902863, 1.5544972488420497, 2.5700563154382925, 2.868174199351169, 1.04462424747855, 1.5868529266521594, 2.028151609196434, 1.1975235138025273, 2.602541406160358, 2.622718341530404, 2.868322831432961, 1.5999353257888187, 2.4947219247664294, 1.0065411210706445, 2.814559288553866, 2.756071002088058, 2.8498379058575507, 2.4023389554674193, 1.6163537389792808, 2.670739722232045, 2.218280801077002, 1.9687158724497205, 1.3866591856002848, 2.5105280348979013, 1.791036475896395, 2.5847840807449147, 2.78149948688976, 2.2404758393054536, 2.3758465254765238, 1.329666476365722, 1.6978570306196572, 2.442564057979193, 2.1798883171063874, 2.167387083377127, 2.3078028787643476, 2.642058905872979, 2.859810291000275, 2.2521343517948704, 2.75732668017658, 1.052938246088324, 2.2474662041351317, 2.681324640899441, 2.008735273080474, 2.787134553280281, 2.7697533844382, 1.637436791131018, 2.862614184012816, 2.7239024772669262, 2.2628852220403353, 1.8655993710415573, 2.061273530765157, 2.66038365570353], [0.43147208121827418, 0], 106.10062885284424], (0.43114543114543119, 0), (0.43243243243243251, 0)], 3: [[[76.9, 0.9708961705713786, 0.9925516211127555], [1.0, 0], 1441.2044208049774], [[1, 2.383830406663649, 3, 3, 1.843896561036534, 3, 3, 2.9228583287211847, 2.353817055412417, 2.8221069349908126, 1.1074099595777684, 1.69024890856118, 3, 2.4472677109503014, 1.4832265289300395, 2.5131811784055316, 3, 1.3154741078851862, 2.3035902822931242, 2.7505960332083026, 1, 1.4021792555682104, 1, 1, 1.9353474742268872, 2.5433329881830775, 2.6757428355344577, 1.2828888403161236, 3, 2.1699846392741615, 2.56506735743059, 2.863135322313736, 3, 2.6817031995866194, 2.291715784126821, 1.2684202691864879, 1, 1, 3, 2.746441622758312, 3, 3, 1.023395395192753, 2.962107935019527, 1.7290267381185487, 2.1271168605953816, 1, 1.6055229439480936, 1.017019339843945, 2.990665257224071, 1, 2.316463964819086, 3, 2.5305286322736418, 1.5709782613821068, 1.2266932496431855, 1, 2.0712450209967526, 2.1912143042658783, 2.664394461765985, 1.93276646598205, 2.218862642063169, 3, 1.851130351214633, 1.908697733179906, 1.4147603322371753, 1.7169652781166023, 3, 2.600071027536182, 1, 2.5572656352239345, 1.9154415785962258, 2.450364325296243, 1.060740701662001, 2.4800931219216404, 3], [0.4070723684210526, 0], 166.3743281364441], (0.35857104772060783, 0), (0.3528336380255942, 0)], 4: [[[93.31, 0.8956734536472994, 0.8802000894501081], [1.0, 0], 1464.6670870780945], [[1.4286270546899664, 1.8628702574122538, 1, 1.7370739719457582, 1.539535655654165, 1, 2.2859140039945, 3, 1.4855922047674734, 2.050670422559601, 3, 1.7895455266626379, 2.303128811547614, 2.139026570409961, 2.1709503061549786, 2.2903348992087587, 2.1593772674654277, 2.606934101387826, 2.634886602134807, 2.147790274563529, 1, 2.158301501954502, 1, 1, 1.7467218100716804, 1, 2.159758327479094, 1.7627045610855672, 1.2421801705543927, 2.878499072198476, 2.113748776950355, 2.1300915799101516, 1.0651995658172455, 2.1277964887989578, 2.3301338689425273, 2.887331223150076, 1, 2.407088844570847, 1.782863774915415, 1, 1, 1.5157657370272093, 2.0256533709192444, 1, 1, 2.8217439362678687, 1, 3, 2.265443004298334, 1, 2.944544542357832, 1.5528162098050529, 2.602759566243122, 1.14868143549359, 1.8781078582190374, 3, 1, 2.4465463837262034, 2.374789702786546, 2.7498652278879088, 1.189627766485339, 1.3415157172555598, 1.4770721510924187, 2.692376124646621, 1, 1.0532938591764835, 1.320357820714297, 2.852476996417453, 2.422443484992881, 1, 1, 3, 1.5760403615816097, 2.308070900470163, 1.8342252855003403, 2.872998581723037, 1.142544321121457, 2.2492210155784407, 1.2160522294853795, 1.1131286232566378, 2.195440082596413, 2.4687863255147464, 2.32698648397986, 2.349960004364169, 2.639772963831188, 2.887234241443503, 2.3406556841656085, 2.4267841848474228, 1.7754336610045838, 2.496016779260132, 2.7264784586090887, 1.480853315287005, 2.7479608067109385], [0.39001560062402502, 0], 218.01539707183838], (0.34233997901364122, 0), (0.34018691588785055, 0)]}, [(0.33333333333333326, 0), (0.38913504141783856, 0), (0.43114543114543119, 0), (0.35857104772060783, 0), (0.34233997901364122, 0)], [(0.35834266517357222, 0), (0.38265306122448978, 0), (0.43243243243243251, 0), (0.3528336380255942, 0), (0.34018691588785055, 0)], 8325.778668880463]

Total Runtime: --- 8325.77909207 seconds ---


------------------------------------------------------------
Sender: LSF System <lsfadmin@n2g2-8>
Subject: Job 649466: </share2/aagrawa8/miniconda2/bin/python2.7 DE_topics.py _topics photo> Done

Job </share2/aagrawa8/miniconda2/bin/python2.7 DE_topics.py _topics photo> was submitted from host <login02.hpc.ncsu.edu> by user <aagrawa8> in cluster <henry2>.
Job was executed on host(s) <8*n2g2-8>, in queue <shared_memory>, as user <aagrawa8> in cluster <henry2>.
</home/aagrawa8> was used as the home directory.
</home/aagrawa8/topics_de> was used as the working directory.
Started at Tue Nov 22 17:59:02 2016
Results reported at Tue Nov 22 20:17:50 2016

Your job looked like:

------------------------------------------------------------
# LSBATCH: User input
/share2/aagrawa8/miniconda2/bin/python2.7 DE_topics.py _topics photo
------------------------------------------------------------

Successfully completed.

Resource usage summary:

    CPU time   :   8329.01 sec.
    Max Memory :       337 MB
    Max Swap   :      1479 MB

    Max Processes  :         3
    Max Threads    :        23

The output (if any) is above this job summary.



PS:

Read file <./err/photo.err.649466> for stderr output of this job.

