Target Label: equipment-recommendation

Runtime for 1 loop of DE termination: --- 2828.44002008 seconds ---


Runtime for 1 loop of DE termination: --- 2770.52944088 seconds ---


Runtime for 1 loop of DE termination: --- 2682.11031675 seconds ---


Runtime for 1 loop of DE termination: --- 2504.63634229 seconds ---


Runtime for 1 loop of DE termination: --- 2584.59322023 seconds ---

[{0: [[[146, 0.7690319446203151, 0.7441672436940188], [1.0, 0], 2589.47167801857], [[1.0252143008920074, 1.4025562396569915, 1.365499747048288, 1.0361056126796275, 1.9005427839272326, 1.0745406190545217, 1.4111490586047504, 1.543618736366716, 1.2295818810009513, 1.2271551578456212, 1.2661821965508977, 1.3095126434991935, 1.8251454558136149, 1.7819331698179677, 1.1842998178131126, 1.5534791000131638, 1.7503016905786537, 1.1665885187844176, 1.8865778618914781, 1.3471559173175272, 1.1640725633340692, 1.1438800917936316, 1.2045183983058418, 1.883945179448966, 1.1978012973851409, 1.0059262825607074, 1.863039585254028, 1.7718583481838135, 1.0288103777635196, 1.5476794546276982, 1.0654263198771352, 1.1241516658892237, 1.1208758600584225, 1.5300456921530832, 1.9607206273610402, 1.9324825929669713, 1.5574465739035026, 1.0087158924686719, 1.1641352226324082, 1.6164004887143104, 1.720642968321759, 1.5314040672800504, 1.125672395694883, 1.622652559166306, 1.0633311175377995, 1.32791868615517, 1.0180605452271048, 1.9697658879886633, 1.5111947631204896, 1.4226912471109867, 1.3336334960621858, 1.7498818297631296, 1.8041673463936294, 1.8672842614134826, 1.747883243819753, 1.7105734257893577, 1.8220569943717029, 1.0508737107906747, 1.5335796421160974, 1.6374905813049563, 1.7146253633250523, 1.6330897383386356, 1.8756264065582515, 1.5485559724151998, 1.8418283120120953, 1.5380294728440824, 1.5461761017046451, 1.0279886387467476, 1.0035263370264236, 1.6308033404461293, 1.8373157946160035, 1.1984082209901534, 1.0730489571341755, 1.7966581669015407, 1.4194602038669912, 1.2222144829209896, 1.8172931776560861, 1.4963832054579025, 1.9946789678764691, 1.3281058722640655, 1.7155029283297911, 1.5417116640884587, 1.9261211700819447, 1.1859524097455934, 1.5062576517751354, 1.667703714736903, 1.589926826834475, 1.1804078432577214, 1.5460652687414482, 1.475502609774815, 1.5323115819022397, 1.6045818887931367, 1.1223319434604475, 1.4862319646380653, 1.2817305687881082, 1.1777730345459134, 1.0543079453708706, 1.3379668603033907, 1.8610965166987334, 1.6059410059703456, 1.5523680147608032, 1.4291122026821055, 1.844901476959509, 1.186453999904034, 1.1227635973434746, 1.079996945644401, 1.108501610051627, 1.5086933452041578, 1.0858074592553435, 1.5038312841055292, 1.9946756787452369, 1.8787081615289445, 1.0541711196252375, 1.3250954444550849, 1.4825827650841705, 1.0676351470434278, 1.6783561314939828, 1.1562702474464925, 1.6988259132983816, 1.4562129422615353, 1.846915641760028, 1.756601350236748, 1.2176262958919248, 1.4291520232390151, 1.7752905626844262, 1.0241390251830496, 1.9336124102068, 1.0912751320169196, 1.8078964683020287, 1.3654770985658997, 1.1786161421199415, 1.6552380955663537, 1.3115180118836114, 1.161224517676521, 1.047301750974975, 1.9026036693567658, 1.2769005821740713, 1.4220093643033536, 1.3113759960526776, 1.111764545204588, 1.2950814240502984, 1.3239605156259588, 1.2382957171976385, 1.6760593104040833, 1.120943691271426, 1.5948675846737443], [0.37968892955169259, 0], 238.96834206581116], (0.28235294117647058, 0), (0.29565217391304349, 0)], 1: [[[150, 0.6198815400411137, 0.1341219731650181], [0.75, 0], 2497.0641989707947], [[1.5559364722820246, 1.6435587321586487, 1.951192579818998, 1.7095990689705722, 1.4405126359517415, 1.887892084766992, 1.3576509317825953, 1.6570404193676858, 1.2934963428934685, 1.486346286125904, 1.6539110773360224, 1.6117713768435973, 1.8127209979189811, 1.6593762040209934, 1.6364969995400118, 1.0390529360609795, 1.6059717876721527, 1.54876205822438, 1.6748574236266593, 1.451832265516065, 1.3647612694689826, 1.530025197261479, 1.45017726819539, 1.564571178925323, 1.1687582961519998, 1.8288350721133162, 1.5132631569769623, 1.8580271155769332, 1.394044774348464, 1.6888652115552238, 1.6578191196236158, 1.8942702221115604, 1.867918430332022, 1.0679892625562135, 1.0786327508174494, 1.8258813973167785, 1.294365415845006, 1.9003875832562196, 1.0549231675503865, 1.5804575161427667, 1.6971508495998344, 1.074434914320674, 1.287416794090023, 1.878742870676307, 1.9740952503115314, 1.7992875568376867, 1.9920998240075587, 1.0516904722957716, 1.3108234608757028, 1.772590635252552, 1.3805592820445782, 1.9277549679409944, 1.1041792017415268, 1.3317277325592638, 1.4925757190942037, 1.5254562962966618, 1.446190592659732, 1.8409548766138228, 1.0639907046736465, 1.8256078665484257, 1.983916393476707, 1.401784374462569, 1.975510922141407, 1.7453169862765099, 1.201327025549822, 1.5772203419583477, 1.1869801902511263, 1.2947318364245004, 1.6468433243539202, 1.9541907720267002, 1.2702569662762422, 1.441306208920932, 1.4522711472968126, 1.8751708693270852, 1.8522816904433856, 1.0340607855126378, 1.440013375457473, 1.0388102253884197, 1.0066475939712625, 1.9593873180245078, 1.6896946436803915, 1.7478591109023065, 1.3222670462356132, 1.7184066569977854, 1.70961604906428, 1.2538718982233616, 1.954751563372099, 1.8775606299847063, 1.4606944702126106, 1.5897664703557637, 1.3172815024765412, 1.9574664014084115, 1.453549185119071, 1.1964499908544421, 1.040176926883313, 1.9615096121796318, 1.0121130438403583, 1.711130867219592, 1.0539955652357151, 1.4879690041768319, 1.490628016446875, 1.8070538443900537, 1.3353045029889834, 1.8580223454937785, 1.8073619937323566, 1.7229179958376504, 1.94962764127441, 1.8430076454892623, 1.3834822882202726, 1.316589356471098, 1.3401679903713863, 1.3785897681488577, 1.5815453709229144, 1.761597046765242, 1.5838610810837257, 1.6403470299975655, 1.512449428400646, 1.6561152243706565, 1.8480837121533824, 1.5729361711082752, 1.598217190212722, 1.0425425696940949, 1.9519600440287412, 1.1176217479570547, 1.4498504750687196, 1.2154917672789556, 1.9766911353100465, 1.1842556173885128, 1.9124467748073228, 1.7268792813418719, 1.876161455926417, 1.7891166616589496, 1.8693586546874157, 1.1013067955400877, 1.9097697017418407, 1.989338733197339, 1.2057020098509266, 1.56130063313785, 1.5605308706430745, 1.3638369394614192, 1.8513364576519666, 1.2783673022253472, 1.287534312893578, 1.4917673481864167, 1.696395583386231, 1.5179837929332105, 1.1268959940498382, 1.0899441073509517, 1.9954056250772743, 1.4678975780202372], [0.4671600370027752, 0], 273.4652419090271], (0.26698545526997414, 0), (0.38461538461538464, 0)], 2: [[[144, 0.6842650074282289, 0.9019339575053571], [1.0, 0], 2458.731769800186], [[1.3817854157523233, 1.9426852645164074, 1.7382107006728487, 1.4699453776135516, 1.465162597802638, 1.9191047939794084, 1.0690407576201093, 1.7775369826313687, 1.054650652329142, 1.3688390029160742, 1.5891544045983164, 1.80765951658902, 1.1576451927370623, 1.0654305438835039, 1.694010454776982, 1.4529423837531843, 1.342097278035556, 1.131857771343463, 1.0684725813153797, 1.3820201369356662, 1.358586563159064, 1.8684154159795172, 1.518065267757133, 1.7226551565209745, 1.1947963912271051, 1.7885412111487329, 1.3049525829044837, 1.3476185259807427, 1.0852304884769366, 1.625477351023616, 1.125556945330508, 1.6470700666193927, 1.191509631965928, 1.6816481088618043, 1.0471702493509867, 1.4859535457140889, 1.3150655556505106, 1.8285018254078849, 1.4773207598512936, 1.970115789557382, 1.8232080548560945, 1.731943894538908, 1.7754185708853472, 1.3089604660258412, 1.8355839217364878, 1.7105225953934124, 1.9987560092494077, 1.7385953075696259, 1.2587089038755797, 1.9230407892787724, 1.9980654581338908, 1.281150683415626, 1.3822753082281287, 1.3573602352778111, 1.009516542223432, 1.615784825149435, 1.2055055893181437, 1.20246989436668, 1.5359904230032173, 1.1876861894336503, 1.2991287813357197, 1.7458174088515692, 1.9342728986558395, 1.6539937656167527, 1.1721033866645465, 1.956089626979204, 1.036315724210954, 1.6319076381127395, 1.918376220762335, 1.4996684183944435, 1.0349666112736504, 1.9896250151328112, 1.9692438261297363, 1.8190026755965953, 1.0376206285760134, 1.1325698770507238, 1.9731230173592174, 1.440839014986983, 1.5933110464669509, 1.0533085883536486, 1.5152069479293395, 1.0146638648471336, 1.0350581098256775, 1.702436294687549, 1.313510252538634, 1.3074757755698156, 1.0005928191974571, 1.7045248973104925, 1.8282677426769522, 1.048339789089824, 1.2800080050988445, 1.1300420306357997, 1.6263224005584203, 1.110020072378589, 1.606089488428676, 1.2237389826774996, 1.3234240796166121, 1.6990166571366299, 1.7379104236139085, 1.5312048001433263, 1.7071262461602101, 1.329249498632369, 1.7568468819651728, 1.3116547170028978, 1.7044200245427303, 1.097720162453351, 1.946525993294113, 1.0770557608208235, 1.1573023208951896, 1.4373840838943772, 1.5143400591045681, 1.7390509750680487, 1.821688703053919, 1.0185379980227207, 1.7969154675111927, 1.994028932791374, 1.7644231019267969, 1.9191825987115334, 1.212882858766458, 1.1012675622329644, 1.1086645698932007, 1.2247684492619033, 1.1171724810696129, 1.7368571712287557, 1.3938705025564042, 1.7526175832798079, 1.5245106757702231, 1.4787727817436305, 1.8046356014398033, 1.5223456895125476, 1.8505639886638812, 1.444971954337606, 1.8538128134754148, 1.2007107196701654, 1.052169262246852, 1.32905970938498, 1.705985623009446, 1.7115901615369302, 1.509297025045759, 1.500925386155116, 1.3523549576368108, 1.0359570378246832, 1.9385774183230597, 1.956905338028681], [0.37921348314606745, 0], 223.3785469532013], (0.34337031167459053, 0), (0.36036036036036034, 0)], 3: [[[129.7, 1, 1], [1.0, 0], 2283.3358511924744], [[1.7433885086243386, 1.2563683233391947, 1.0882356363802748, 1.193082326984967, 1.4634493419250805, 1.394673126132004, 1.2412646824504536, 1.9461053546000548, 1.2584289958898318, 1.1139447010172292, 1.3478367349183489, 1.0148945391889623, 1.240653686733503, 1.4389270437645139, 1.9912292842216162, 1.791459923168393, 1.9395285767115236, 1.3641607013963637, 1.394925277439531, 1.0381217749383163, 1.877512213762189, 1.2669260251326202, 1.4158257282927211, 1.3259638180069362, 1.432683027251195, 1.0276307714986914, 1.6924834079977702, 1.2517256696122732, 1.9615919261268104, 1.3417482564136811, 1.1358025701627352, 1.276788923790543, 1.9525391401592562, 1.1109282973414891, 1.0835943894392697, 1.1170839761704745, 1.801592760099221, 1.0533564284378576, 1.1499402972828199, 1.7643400379918486, 1.0507555331958343, 1.2856296817414332, 1.2675183562645351, 1.5527658568541818, 1.04680060283633, 1.2986443923583488, 1.4408452380973555, 1.1103155243550336, 1.7481291465454918, 1.327220898806348, 1.5007411852831591, 1.2401071463997058, 1.0658660868537817, 1.7544746554592008, 1.3510115300259082, 1.9850150222676688, 1.2440466595716868, 1.5663951882343436, 1.8729693194387478, 1.0977374252180425, 1.623609322509005, 1.7301652398187928, 1.4955456211120624, 1.651448258680193, 1.5369499740526054, 1.726794462339957, 1.7887381725450424, 1.6365513310177315, 1.1554055229849207, 1.3691704528772766, 1.713714469598976, 1.2061096623166292, 1.4719591309150575, 1.8391991538381656, 1.1674663032080617, 1.5796218796867416, 1.0760802667137799, 1.8105372660264667, 1.479284118687302, 1.2206274194337217, 1.640777565393823, 1.6611909341112037, 1.2834309976771356, 1.5868925384454133, 1.78490173393869, 1.6206488079349777, 1.0230468343098613, 1.2986770111083696, 1.7540090815566458, 1.4799716721098144, 1.6051496513536352, 1.3179233223764795, 1.8207292883316697, 1.9319387841011597, 1.7143186979440759, 1.5580035406343629, 1.5917955769612246, 1.0565832738375733, 1.8338681618806143, 1.3431590850284025, 1.490746783259504, 1.4761924090140202, 1.4189667695142472, 1.0955893431586965, 1.0795482403524037, 1.331572796850078, 1.6963097737398711, 1.1773552072376932, 1.833094444009285, 1.316455098473263, 1.206697806697965, 1.2282276752601915, 1.2324706838217159, 1.6755101465836524, 1.4341132438156725, 1.524431584196614, 1.8444673077099623, 1.1335101220624462, 1.9898383766586356, 1.0279274980441642, 1.3689538885832933, 1.6927141924308104, 1.48334784579701, 1.7833391478903557, 1.0450696208997416, 1.1305431630917724, 1.3941134164851412, 1.008270838005225, 1.0003549699824106], [0.35832780358327804, 0], 221.30049109458923], (0.29184756391702849, 0), (0.32405836443841196, 0)], 4: [[[121, 0.5848073993983804, 0.5172615800300447], [0.75, 0], 2401.066430091858], [[1.6548212000416158, 1.5624420646117896, 1.2096488082818637, 1.4875878950499763, 1.702383093621994, 2, 1.5178665240231568, 1.2802452152988224, 1.9266205742718605, 1.758742597176648, 2, 1, 1.989241070424572, 1.1086379618791615, 1.5710808258993167, 2, 1.2943687403133792, 1.2422387129443686, 1.5739219449741164, 2, 1.1716136102053794, 1.1775612441747347, 1.4327975056670708, 1.9642155322591783, 1.5659555063004316, 1.6858225300830614, 1.6860710396323684, 1.3362913082582901, 1.7041982360288328, 1, 1, 1.276670072553494, 1.241152619082173, 2, 1.3850282788910246, 1.6893192751148025, 1.3498924302892175, 1.389184812995236, 1, 1.1068206543011514, 2, 1.166414054686392, 1.303657569131197, 1.3135749386306164, 1.5130316327400326, 1.5463357327014122, 1.574614628667811, 1, 2, 1.202740751243219, 2, 1, 1, 1, 1.2691017137958156, 2, 1.8947726471172222, 2, 2, 1.2971103754975783, 1.8506969444068566, 1.9440711392062504, 1.179769181465422, 1.7605764826458312, 1.9845020633152926, 1.2333502579611948, 1.604445215369946, 1.0124149332115753, 1.178458302834546, 1, 1.0677006278885937, 1.1948426181886902, 1, 1.0001996116678922, 1.3312537936951192, 1.079187200726659, 1.5430316600538259, 1.5318429232678734, 1, 1.416967556294394, 1.7406599924947512, 1.0659479623689334, 1.8673113013827989, 1.6952488030709398, 2, 1.4735007214584543, 1.3526989685096829, 1.899330489603615, 1.566870229142798, 1.3243744428091542, 1.5549619030247024, 1.0108210304372998, 1.4086452442652457, 1.204383816295233, 1.4518304042886045, 1.2441194003992408, 1.5789930254790496, 1.5849714679444542, 1.14771064432876, 1, 1.4152313328744632, 2, 1.9068782066353525, 1.314548881033759, 1.1377461318277184, 1.2570920231697231, 2, 2, 1.9953109751546572, 1.8852426397529758, 1, 1.0431853287959796, 1.5808894258265807, 1.8535359147813388, 2, 1.468029429400785, 1.8889169511035369, 1.6675107022458575, 2, 1.6019889802424574, 1.5276536590187615], [0.47141424272818455, 0], 183.52679014205933], (0.31889290012033694, 0), (0.38967611336032387, 0)]}, [(0.28235294117647058, 0), (0.26698545526997414, 0), (0.34337031167459053, 0), (0.29184756391702849, 0), (0.31889290012033694, 0)], [(0.29565217391304349, 0), (0.38461538461538464, 0), (0.36036036036036034, 0), (0.32405836443841196, 0), (0.38967611336032387, 0)], 13370.570915937424]

Total Runtime: --- 13370.5717189 seconds ---


------------------------------------------------------------
Sender: LSF System <lsfadmin@n2g2-11>
Subject: Job 628065: </share2/aagrawa8/miniconda2/bin/python2.7 DE_topics.py _topics photo> Done

Job </share2/aagrawa8/miniconda2/bin/python2.7 DE_topics.py _topics photo> was submitted from host <login03.hpc.ncsu.edu> by user <aagrawa8> in cluster <henry2>.
Job was executed on host(s) <8*n2g2-11>, in queue <shared_memory>, as user <aagrawa8> in cluster <henry2>.
</home/aagrawa8> was used as the home directory.
</home/aagrawa8/topics_de> was used as the working directory.
Started at Tue Nov 15 15:00:15 2016
Results reported at Tue Nov 15 18:43:07 2016

Your job looked like:

------------------------------------------------------------
# LSBATCH: User input
/share2/aagrawa8/miniconda2/bin/python2.7 DE_topics.py _topics photo
------------------------------------------------------------

Successfully completed.

Resource usage summary:

    CPU time   :  13371.50 sec.
    Max Memory :       393 MB
    Max Swap   :      1539 MB

    Max Processes  :         3
    Max Threads    :        23

The output (if any) is above this job summary.



PS:

Read file <./err/photo.err.628065> for stderr output of this job.

