Target Label: dnd-5e

Runtime for 1 loop of DE termination: --- 3046.07383895 seconds ---


Runtime for 1 loop of DE termination: --- 3095.21856403 seconds ---


Runtime for 1 loop of DE termination: --- 2934.99537706 seconds ---


Runtime for 1 loop of DE termination: --- 2637.23050308 seconds ---


Runtime for 1 loop of DE termination: --- 2871.05751801 seconds ---

[{0: [[[90, 0.5179690671370292, 0.8366474469274221], [1.0, 0], 2919.5090630054474], [[1.0968231407870632, 1.3297243367939546, 1.2182156322117876, 1, 1.65050286956844, 2, 2, 1, 1.5010355846121635, 1.6441191746189365, 1.320611886936971, 1.9066848487184613, 1.5993408564515375, 1.912246608763239, 1, 1.8805673883519487, 1.355630992452538, 1.770113353929205, 1.3785641393079686, 1.9011593847909583, 1.8478587987534678, 1.1793941016596687, 1.2278512775543038, 1.8600161773764177, 1.9092538489343442, 2, 1.626269817890487, 1.2478477850296732, 1.2566744824309701, 1, 1.390502392679747, 1.6672049013326098, 1.4399082310472489, 1.5936719172674332, 1.66211333087394, 1.3483076075646505, 1.5653152173073002, 1.289037091146087, 1.2070468573316062, 1, 2, 1.7253120300701221, 1, 1.8906946739436337, 1.5652120935599805, 1.4755416675005182, 1.634604095295473, 1.911395655687976, 1.3839831551436026, 1.8557555267969217, 1.9444956725889009, 1.3168498697356228, 1, 1.4217347871556247, 2, 1, 1, 1.0752188185078002, 1.8295026515304234, 2, 1, 1.7477447131666835, 1.2835209746211447, 1.8571004037319432, 2, 1, 1.596802071037342, 2, 2, 1, 1.8091170165014279, 1.304057531715167, 1, 1.7138297864296346, 1.3473711103376909, 1.17228250212119, 1.5587697226803428, 1.3592639356237473, 1.6601595232195259, 1, 1.313719444197121, 1.869447757423893, 1.517076986899221, 1.7722608681481462, 1, 1.6618036080553142, 1.8595555643026433, 1.010401739431864, 1.930889956099259, 1.974441360912258], [0.32917532917532916, 0], 126.5647759437561], (0.30264496439471006, 0), (0.30683583635422068, 0)], 1: [[[150, 1, 0.9097116711346459], [1.0, 0], 2878.83509016037], [[1.0837268995500953, 1.5804104969341903, 1.816782298750458, 1.3641858465682817, 1.500170358295186, 1.2443375779182388, 1.4264332221538, 1.2331066513465077, 1.0143622765284233, 1.3346856962518876, 1.675483714827192, 1.0689066810068928, 1.4748335238613928, 1.6622558242580472, 1.6267822204066182, 1.4220974355552063, 1.644011627440401, 1.7715502822065583, 1.81291329293511, 1.5099255687801305, 1.9391276610463506, 1.8134854033422387, 1.1286484625089188, 1.6925165522668248, 1.2999089899034346, 1.717899090765048, 1.8583627792032829, 1.23893409150935, 1.7839170442061958, 1.8875318891192427, 1.7398696515319405, 1.9461565235147265, 1.620186169857508, 1.3296896769183435, 1.6272024037165314, 1.1386472501639484, 1.2555633866449516, 1.6087508777776391, 1.6940762524402626, 1.8868968803678587, 1.9909962460801252, 1.6038227219748618, 1.7477155895119272, 1.3232402676210888, 1.7086611369685825, 1.1506543542665142, 1.6446694509416593, 1.2060865456591197, 1.0271370527906973, 1.5525010848219538, 1.5215499690947372, 1.4961958994787472, 1.416934705164353, 1.6019073976254163, 1.2764030162141375, 1.6060647308557496, 1.0834313525506403, 1.0468805427598176, 1.3607240958963105, 1.842535792082702, 1.7180436298596897, 1.0692418505410113, 1.8710015844169932, 1.7126005433561442, 1.7492005186689328, 1.8235679575441504, 1.2275918974337887, 1.5307165798673636, 1.9281529842138347, 1.5322667388433704, 1.337594411171196, 1.8363502644107288, 1.6929776392130478, 1.5469388090378662, 1.43203459390234, 1.8793824338231675, 1.679067974217478, 1.0274971314606658, 1.8661733300404821, 1.3783285647269174, 1.2902326494156724, 1.6122863760140769, 1.7959018320010802, 1.4344815985860317, 1.7179285522278063, 1.225905220419616, 1.28718607284014, 1.9552163875405073, 1.413795168886976, 1.2635692596065455, 1.7519040631447838, 1.6935557864554047, 1.1625029230308184, 1.8036711317895104, 1.758434158368006, 1.5349873134953629, 1.2789267989571456, 1.7706300788801328, 1.431277010607123, 1.1078780205480863, 1.9755340575514335, 1.0665214086350874, 1.426012720906767, 1.640535470549593, 1.270056823141277, 1.105438464242369, 1.5097914849017435, 1.6378182966933756, 1.8694507732061356, 1.4080223653134118, 1.694563294338697, 1.5415819544376306, 1.6412783406393645, 1.1490527426984245, 1.1788711879993434, 1.7526050635842445, 1.2503194250821772, 1.2894500409232834, 1.5994705680795618, 1.8895862472039826, 1.4158832048678072, 1.1472641680527529, 1.9943751087886952, 1.8054585961633063, 1.0107939432875996, 1.6868234922013117, 1.981510429552837, 1.9266744225251848, 1.993142355079299, 1.1451989035267283, 1.1133834593982557, 1.0405627381819578, 1.5921972574157965, 1.5194487620472157, 1.8655108105892269, 1.6912192808612612, 1.4206127441814882, 1.3485816598541267, 1.24490877146622, 1.519609378678949, 1.2818903121558811, 1.3841167009965862, 1.936829813307741, 1.5237877968010975, 1.4697027470580715, 1.5001247583502657, 1.4092395215547424, 1.1460497347107172, 1.1164390177229013, 1.8528992727562343], [0.30521901211556385, 0], 216.38347387313843], (0.27806174606419953, 0), (0.27451802179379714, 0)], 2: [[[100, 0.7280279494055514, 0.9732145237796119], [1.0, 0], 2795.6732230186462], [[1.2435847705395862, 1.1611737572555896, 1.4622582322583402, 1.6802445356778133, 1.310138929042693, 1.7171322226906276, 1.3775416165100105, 1.9115885601360683, 1.2159360450302064, 1.8275031382314357, 1.916513391414955, 1.5116387451806133, 1.691362728128886, 1.4801733887211632, 1.4607462515732312, 1.6472566534833395, 1.190952299579764, 1.3728195131080754, 1.7100297615789748, 1.5655263054408781, 1.260829090882916, 1.493811899692847, 1.702192992478585, 1.2886996717880592, 1.8152816312563225, 1.1926901705003838, 1.261134633781678, 1.44890811341678, 1.831561729538275, 1.2338385792520858, 1.555511981212856, 1.643890162270735, 1.8359494421465898, 1.898697045288906, 1.6713345943498519, 1.2235777152823641, 1.0647844697234858, 1.0690458594664327, 1.129598726005826, 1.356813057893963, 1.4445905516276905, 1.37828691151954, 1.6952111699003147, 1.6672598186937218, 1.95857847774254, 1.5335880303322287, 1.2454560899341356, 1.1966924764101607, 1.2450377046442132, 1.8874443777127459, 1.3029703831187132, 1.8893898790800912, 1.3861720520859016, 1.7973519714831012, 1.300232899429475, 1.7719505822776416, 1.7618192038034064, 1.6707293742113642, 1.0799025810064427, 1.5295696641223662, 1.0613584028777083, 1.575319672965077, 1.7020079189474915, 1.2275526646168031, 1.6295436217161647, 1.9096159049214543, 1.3687614453730368, 1.4747912944656627, 1.1618327005023947, 1.731541088255773, 1.0494452051499477, 1.4407959415400433, 1.667925144167219, 1.4574454275473172, 1.1427702321369155, 1.0700406150754935, 1.133870386446351, 1.5753549953271417, 1.1112971819371051, 1.5350962878138064, 1.1706666963219226, 1.2845601824932973, 1.0202967991927383, 1.146003946060265, 1.243267319974887, 1.3334504379023202, 1.0477755381421134, 1.056615345229512, 1.5215592573755428, 1.740506776452317, 1.868696590167909, 1.5999972207627091, 1.5777000655034272, 1.467008963260425, 1.6465158604423809, 1.0912703448310301, 1.9770245162119122, 1.6486150820957053, 1.3364192717495316, 1.192246589485936], [0.32470960929250264, 0], 139.32215404510498], (0.30017365418010417, 0), (0.30021702435495534, 0)], 3: [[[73, 0.46350163760361995, 0.9731007779866849], [1.0, 0], 2536.158663034439], [[1.8809345702786486, 1.1011851292130328, 1.7172749692201337, 1.7665010372400545, 1.8977279653233419, 1.220606575236365, 1.174320824674818, 1.2728856380542366, 1.1172651605907007, 1.0938551375555812, 1.652622470852577, 1.6106400720522132, 1.3380229167288291, 1.7721020909121439, 1.4455095640486975, 1.9883112670093466, 1.3967211116249147, 1.9679014818649754, 1.9174893405182118, 1.9252336696711185, 1.0107579495628254, 1.763877111908198, 1.8882604481259153, 1.039549247452106, 1.1641924537434902, 1.341023763871986, 1.0943505241522118, 1.9533602048524117, 1.2193541453257872, 1.3751483972717171, 1.9739906357223576, 1.7803455540612523, 1.153719205120094, 1.7806046112088794, 1.6114301283577386, 1.5300685715314288, 1.8300160515373562, 1.6399380542177049, 1.3920433763354696, 1.0790192567676546, 1.1849471794567497, 1.9716411209958848, 1.4142445749458616, 1.3512793545837263, 1.6685678278634695, 1.241977477299915, 1.3952505719427561, 1.4255655792830755, 1.2242753828053248, 1.8186889072151673, 1.1270403626565595, 1.4829455270632508, 1.3211813259432288, 1.3382556435420683, 1.8984234103004405, 1.2486225421999837, 1.4506116351603562, 1.6884814609288505, 1.0012417660374244, 1.5865805398019832, 1.8623110280327204, 1.5000565539790678, 1.4811038494318383, 1.799063358439184, 1.4274127365458116, 1.6959054085812033, 1.9328051598702038, 1.1630600268605311, 1.414781904028915, 1.5620207071313081, 1.3744337543215035, 1.0417240706100332, 1.3800016924300138], [0.31902552204176338, 0], 101.0718400478363], (0.31692307692307692, 0), (0.32369146005509647, 0)], 4: [[[133.16, 0.3055661790669151, 1], [1.0, 0], 2693.89054107666], [[1.5392569732901125, 1.6085677363725082, 1.9650494725559386, 1.7134704111212402, 1.384318210610239, 1.5810268449651181, 1.680520377610915, 1.2581524288299482, 1.6531254359872718, 1.1459623687154499, 1.8578654064120916, 1.002237055384548, 1.083291613521347, 1.7488241014377237, 1.0460774745346004, 1.822847256770653, 1.1072068628540983, 1.3377300060531159, 1.4549211422988897, 1.6177981870348714, 1.4680737777265116, 1.1096120320266438, 1.6231587698365462, 1.4718559013703283, 1.6592819420009093, 1.6314208192072994, 1.5512060760882032, 1.0943916734788468, 1.6946520388944961, 1.290152168709168, 1.8592330454191184, 1.7772784206847938, 1.1381204194341932, 1.66717758949429, 1.0193404010921827, 1.0197227258370085, 1.8629076885277112, 1.3646083679522174, 1.1259629939321347, 1.4428972413952779, 1.1275227626768562, 1.817549347478593, 1.1027964932967573, 1.850490275799873, 1.445104492443579, 1.3067928045565043, 1.2225244108386792, 1.9368761156786443, 1.4458047500620361, 1.9114861817787876, 1.5520961567564124, 1.2543159040546317, 1.4875651290298353, 1.370396684116972, 1.7277617659370759, 1.645030128327622, 1.2664564973873658, 1.5214327243259433, 1.3288792501799522, 1.7469158449148012, 1.0957566451823002, 1.3957351400404758, 1.9744629334481392, 1.9874614610403554, 1.5169783076437144, 1.816140655378516, 1.3285575787991006, 1.2874490075815406, 1.766518489169672, 1.6537509117161469, 1.1680620590996402, 1.2024269698390913, 1.0479643255548088, 1.583237323603408, 1.0914492672584193, 1.0192768516857948, 1.4760393902876583, 1.001308622373696, 1.2418905688722315, 1.6423681104611385, 1.442450302063122, 1.6932389630719396, 1.4198194237010786, 1.0729407626816063, 1.6619589641947679, 1.3006396041802601, 1.059297276894662, 1.7243597082964883, 1.2527025465447383, 1.7191276151888155, 1.862884746411606, 1.5904435726629305, 1.7660858530080081, 1.1343675581612365, 1.812455279223308, 1.146692609276207, 1.8822429893326076, 1.828373821473911, 1.5303357098871107, 1.6250127188344534, 1.2910114709164462, 1.7557773461847423, 1.713971842426556, 1.9226631245928105, 1.5194557107079918, 1.869745921683227, 1.7384582310353527, 1.531241186798602, 1.6814460997751786, 1.0578202041874682, 1.5340961745182233, 1.308625494190253, 1.271517429171965, 1.3985298233703802, 1.821406352869709, 1.7960860626277024, 1.3949473385116868, 1.6247727448951452, 1.1573771552730159, 1.1857045754873483, 1.8348639374134728, 1.4279835774128151, 1.6053851471603786, 1.4321828818044398, 1.6666587581396286, 1.3719093395893927, 1.465020155025794, 1.2322178593889905, 1.7000332584792521, 1.7228753492697813, 1.0673004146387282, 1.4471234796061165, 1.990757667511819], [0.29558011049723754, 0], 177.16697692871094], (0.30108080288214101, 0), (0.30206677265500798, 0)]}, [(0.30264496439471006, 0), (0.27806174606419953, 0), (0.30017365418010417, 0), (0.31692307692307692, 0), (0.30108080288214101, 0)], [(0.30683583635422068, 0), (0.27451802179379714, 0), (0.30021702435495534, 0), (0.32369146005509647, 0), (0.30206677265500798, 0)], 14585.019434213638]

Total Runtime: --- 14585.020102 seconds ---


------------------------------------------------------------
Sender: LSF System <lsfadmin@n2f1-2>
Subject: Job 628066: </share2/aagrawa8/miniconda2/bin/python2.7 DE_topics.py _topics rpg> Done

Job </share2/aagrawa8/miniconda2/bin/python2.7 DE_topics.py _topics rpg> was submitted from host <login03.hpc.ncsu.edu> by user <aagrawa8> in cluster <henry2>.
Job was executed on host(s) <8*n2f1-2>, in queue <shared_memory>, as user <aagrawa8> in cluster <henry2>.
</home/aagrawa8> was used as the home directory.
</home/aagrawa8/topics_de> was used as the working directory.
Started at Tue Nov 15 17:02:46 2016
Results reported at Tue Nov 15 21:06:03 2016

Your job looked like:

------------------------------------------------------------
# LSBATCH: User input
/share2/aagrawa8/miniconda2/bin/python2.7 DE_topics.py _topics rpg
------------------------------------------------------------

Successfully completed.

Resource usage summary:

    CPU time   :  14586.58 sec.
    Max Memory :       396 MB
    Max Swap   :      1544 MB

    Max Processes  :         3
    Max Threads    :        23

The output (if any) is above this job summary.



PS:

Read file <./err/rpg.err.628066> for stderr output of this job.

