Target Label: dnd-5e

Runtime for 1 loop of DE termination: --- 1956.94330621 seconds ---


Runtime for 1 loop of DE termination: --- 1965.18624783 seconds ---


Runtime for 1 loop of DE termination: --- 1939.34493113 seconds ---


Runtime for 1 loop of DE termination: --- 1857.89295602 seconds ---


Runtime for 1 loop of DE termination: --- 1879.39194393 seconds ---

[{0: [[[62, 0.5179690671370292, 0.8366474469274221], [1.0, 0], 1732.7290840148926], [[2.4828879395083403, 1.3318618303806666, 2.1262014643265275, 1.5402701219871497, 1.0076445129449785, 3, 1.112363500215888, 1.9310379652114344, 2.824456956226534, 1.870786166838331, 1.878991309400699, 1.4153069814155, 2.3636180179644937, 1.707582756632059, 1.6039347512498088, 2.2285223194506427, 2.532668988473093, 2.948762109817867, 1, 2.7537624208575924, 2.4414971089206787, 2.1146592471730594, 1.8262044105250734, 1.353825751733947, 1.949206439403479, 1.284739056056388, 3, 2.241946447314767, 2.5944731887933528, 1.2661465066204385, 2.4123969115341786, 1.93711197244882, 2.717236374148682, 1, 2.1786665833857874, 2.956488588051989, 1, 1, 1, 2.0358659526629252, 1.939947785195231, 1.0008810688073324, 1.1946156316412757, 2.3607597241401495, 1.2117966518374208, 3, 1.9174318637238748, 1, 2.63213137303066, 3, 1.1349541582982692, 2.2448297401259305, 2.0813002689869737, 2.722216222441941, 1, 1.1850965815746282, 2.3447685419878095, 2.952603923049685, 1, 2.0475788366623644, 2.206361115235012, 2.323743185537403], [0.28815706143128561, 0], 224.21422219276428], (0.3053213143355627, 0), (0.29860434923726059, 0)], 1: [[[84, 0.713241170211165, 0.9628486708495957], [1.0, 0], 1679.065601825714], [[2.560126561840022, 2.0506605917366505, 2.98818278803435, 1.7825057231011472, 2.5612511533092395, 1.3171610042144763, 1.1479631589105599, 1.1786058893150468, 1.9794391352058012, 1.4490319768131155, 2.2955154161976976, 2.0186824541008415, 1.8730168967448229, 1.71448583050501, 2.978049716419225, 2.2283841070233885, 1.804343048647659, 2.0139520331518193, 1.7141455677922404, 2.077512566755078, 2.122725576987137, 2.587081954154211, 2.1312576863623143, 2.184337296614938, 1.2556533383512791, 1.2945476291982692, 1.665318772020758, 1.3007924960045607, 2.9528368207373052, 2.7456178173656425, 2.8236652571383054, 1.657698194701471, 1.5128287874469326, 1.6152931663382941, 2.919483948236186, 2.4575929703592534, 2.840716573745464, 2.3405732116318827, 1.6244226377466875, 1.1253628374306848, 1.7467149388046834, 2.648611919847588, 2.127009306929229, 2.0872048944422246, 1.0144900629550164, 2.7211657154788984, 2.4830143492841077, 2.8451622864667305, 2.303421643756037, 1.5068597695025323, 2.2613940657089113, 2.1319833343362697, 1.4617979067822398, 1.2094881744295365, 2.0512959179454113, 2.7073142961774845, 1.1150745989282942, 1.1650832517805072, 1.2302595097392948, 2.2906488863384498, 1.9530712746656047, 2.6252368401613557, 2.556231227959569, 2.5718831390982766, 2.423092718034877, 2.9829557454192246, 1.7587219094108546, 2.812766375507022, 1.1566463005842904, 1.5544969668613007, 2.289347803693044, 2.9244935691331873, 1.7057838565355565, 1.20146551499267, 1.1784931295840295, 2.7708888988105382, 1.9176864921031826, 1.9074336731416428, 1.670233944902774, 1.747996898739078, 2.4935841677262034, 2.950324355823671, 2.589399083817454, 1.085827125169567], [0.31648559282002836, 0], 286.12064599990845], (0.28943404346890472, 0), (0.28254972875226042, 0)], 2: [[[80.0, 0.9319729478416858, 1], [1.0, 0], 1658.7686681747437], [[2.171115949144334, 1.6913022617657378, 2.653057807134215, 2.457540266161191, 2.253561080662686, 1.144049481270423, 2.2010712787001143, 1.9852338567693242, 1.800492073586829, 1.637627974190077, 1.303175239056196, 1.9196985620280962, 2.350910356724399, 1.7039526610572593, 2.8257828788617316, 1.7471214053794943, 2.5501913465945147, 1.4820059299986694, 2.9107855449161306, 1.7372687693312587, 1.4706915391918458, 2.0348929624000194, 2.7355517648975036, 2.194114069464229, 2.4600744989478756, 2.394284782336597, 1.7371078980148624, 1.1168787979009087, 2.317254679963442, 1.483058295065839, 2.7770766295672025, 2.7234102440536763, 1.9393346089001686, 1.7879545099540113, 1.7070094083406524, 1.396227606861132, 2.236353574088967, 2.9356960797678675, 1.6284565815276077, 1.668459054158063, 2.478815414373855, 1.0421462379023032, 2.9911461963954777, 2.98172010814623, 2.483724068301565, 1.741254349438891, 2.565054364189284, 1.9374030198591747, 2.6948289188403263, 1.959078736136779, 2.9301757748021693, 1.6142720113886044, 2.3518179959067247, 2.1480201600606326, 2.5460627131334816, 2.4621699096170357, 2.2335823350326973, 2.7757050532295207, 1.08292637115705, 1.4256414870957406, 2.8299124846614645, 2.5558547323855985, 2.0551321787244134, 2.556064677942217, 1.8737626403554373, 2.6801384522875296, 1.5738026705599548, 1.7008025955763475, 2.797613581195405, 2.6631031229863984, 2.1678924263801145, 1.9248705820070033, 1.8215872285057022, 2.9825379546720825, 1.7657619022388569, 1.1064227207423056, 1.5281323690395605, 2.788857453752021, 1.6980286160770244, 2.037617039837192], [0.34190371991247259, 0], 280.5762629508972], (0.27749438890022443, 0), (0.27836355967946014, 0)], 3: [[[55, 0.7756666634351005, 0.7633122633622568], [1.0, 0], 1658.2861258983612], [[1.3647497287150485, 2.0327744377248784, 1.6437251303322618, 2.466607420028099, 1.885043812143146, 2.1236829525495944, 2.4439847272460513, 2.1008530297119608, 1.2950232315624624, 2.2558532134885776, 1.5273095270040318, 2.0030338631498035, 2.718129051753116, 2.1931459310185764, 2.70803547016677, 2.995219984370994, 2.514812088028996, 2.886923901935462, 2.9020363802115, 2.0311818506292743, 1.105018906490699, 2.8254343100331045, 1.0325521725748585, 1.1577769063444385, 2.3130653520065785, 2.2155629742954117, 2.7306235966544716, 2.51550088312086, 2.3332248154755444, 2.260664112238767, 2.069267838677011, 2.562227482271921, 2.1583202020673706, 1.858759639981951, 1.2433810075933671, 1.6738468655512924, 2.3951734480967475, 2.2309175346297834, 1.5762202376373133, 1.9228758283983909, 2.5558580431124893, 1.3118527407260392, 1.2699170013976038, 2.1007311848151575, 1.747700324624527, 1.289703730627195, 2.4832112181251933, 2.3481244799219123, 1.6029037921486435, 1.8571930594224064, 1.4985724292364235, 2.7818868736940328, 1.610730748303606, 2.425327309027936, 1.2229931788605082], [0.33805888767720832, 0], 199.60683012008667], (0.32028469750889688, 0), (0.31842105263157894, 0)], 4: [[[60.3, 0.6651595458780407, 0.714093652304284], [1.0, 0], 1665.8656499385834], [[2.391250443557398, 1, 1, 1, 2.6102017527723347, 3, 1.7911641723625524, 1.3531616994620521, 2.2349437837951154, 1.0205021486751253, 1, 1.3489226027036008, 3, 1, 1.8101838417556262, 2.069128372580739, 2.693113937747211, 1.7508290070346222, 1.9266334860896577, 1, 2.1799632826171953, 2.2231707548980943, 1.7800926093585867, 2.892245588948157, 1.2323850031030605, 1, 1.6394088579969648, 2.599281067424635, 2.7990678267618776, 1, 3, 1.996750809152357, 1.8230330386310607, 3, 2.559253775903856, 2.126397324150527, 2.229351387009499, 2.610222096527627, 1, 1, 1, 2.4923562461761786, 2.1392112017129907, 1.8411734832220115, 2.3890011061999727, 2.1517626945813375, 1.1827654522098117, 2.2043167274715922, 2.9986146860227825, 3, 1.126278889265829, 3, 1.0441052962539072, 1.6717395299179094, 1.5838808142663252, 1.8358357653900046, 3, 1.9901680090133083, 1.7130353546977897, 2.1605987362750705], [0.31541415249588589, 0], 213.52629399299622], (0.29835902536051712, 0), (0.2924061681699156, 0)]}, [(0.3053213143355627, 0), (0.28943404346890472, 0), (0.27749438890022443, 0), (0.32028469750889688, 0), (0.29835902536051712, 0)], [(0.29860434923726059, 0), (0.28254972875226042, 0), (0.27836355967946014, 0), (0.31842105263157894, 0), (0.2924061681699156, 0)], 9599.122193813324]

Total Runtime: --- 9599.12303782 seconds ---


------------------------------------------------------------
Sender: LSF System <lsfadmin@n3l4-1>
Subject: Job 643338: </share2/aagrawa8/miniconda2/bin/python2.7 DE_topics.py _topics rpg> Done

Job </share2/aagrawa8/miniconda2/bin/python2.7 DE_topics.py _topics rpg> was submitted from host <login04.hpc.ncsu.edu> by user <aagrawa8> in cluster <henry2>.
Job was executed on host(s) <8*n3l4-1>, in queue <shared_memory>, as user <aagrawa8> in cluster <henry2>.
</home/aagrawa8> was used as the home directory.
</home/aagrawa8/topics_de> was used as the working directory.
Started at Mon Nov 21 22:46:00 2016
Results reported at Tue Nov 22 01:26:01 2016

Your job looked like:

------------------------------------------------------------
# LSBATCH: User input
/share2/aagrawa8/miniconda2/bin/python2.7 DE_topics.py _topics rpg
------------------------------------------------------------

Successfully completed.

Resource usage summary:

    CPU time   :   9609.66 sec.
    Max Memory :       329 MB
    Max Swap   :      1327 MB

    Max Processes  :         3
    Max Threads    :        19

The output (if any) is above this job summary.



PS:

Read file <./err/rpg.err.643338> for stderr output of this job.

