Target Label: doctor-who

Runtime for 1 loop of DE termination: --- 2325.80378509 seconds ---


Runtime for 1 loop of DE termination: --- 2471.78778696 seconds ---


Runtime for 1 loop of DE termination: --- 2702.47715592 seconds ---


Runtime for 1 loop of DE termination: --- 2344.48706222 seconds ---


Runtime for 1 loop of DE termination: --- 2271.13242221 seconds ---

[{0: [[[79.8, 0.666670892193476, 1], [1.0, 0], 2090.1165170669556], [[2.458988660229406, 1.1778156103093425, 1.2478943713668795, 1.6819079774806245, 2.3182312033346184, 2.144846849533097, 2.919942666772599, 1.9284608870143545, 2.9566592621424475, 2.5182961658724654, 2.792360412847141, 2.6341384377415107, 1.1079073875104974, 2.0718683102885826, 2.433594478161062, 2.127891048869035, 1.6453563249106244, 2.85679859771328, 1.4921467660805312, 2.2565322736098974, 1.2260070096708557, 1.8225712309304332, 1.7423854448494145, 2.3429974414989525, 1.2864664443014708, 2.755025610130577, 1.07139144268697, 2.3848071133819464, 1.1867252159040218, 1.319766964799581, 2.277152010355513, 2.259827315076854, 2.103141922493305, 2.842830507119098, 1.2137808151023286, 2.935559300040568, 2.414888217043427, 1.6110424258495497, 2.4917132353859164, 2.320049144487458, 1.0474043727555575, 2.936120700647921, 1.8410128286092955, 2.599152489327718, 1.7174424975297704, 2.1392819647942236, 1.9840597488110703, 1.427050847854287, 2.318978554739088, 1.165111086887731, 1.2745899199888986, 1.1669397160282926, 2.588511430659333, 1.0645921611397842, 2.153811689765755, 1.2551763575391484, 1.2243857085949912, 1.814625914562997, 2.78455694304211, 2.0364307500729084, 2.374500499856924, 1.7071617890552957, 2.9450113673551463, 2.7064231441065028, 1.0784906548832254, 2.824907320448978, 2.795643521172109, 1.103119511585149, 1.5348473900197155, 1.5340237142368054, 1.7467443271858285, 1.7358427619795922, 1.7230921268414616, 2.1349625047532763, 1.6122478204785464, 2.3649281728697993, 1.7378607050785635, 2.0516778301299174, 2.143674998361731], [0.49295774647887319, 0], 235.68726801872253], (0.48060708263069146, 0), (0.49533089727974017, 0)], 1: [[[97, 0.7038290180519774, 0.9372441343028531], [1.0, 0], 2186.4563059806824], [[3, 2.706968723085456, 2.828277559141923, 3, 2.785967239588553, 1.7863561822555718, 2.1753587832717236, 1.4723598643149491, 2.495242332535097, 1, 1.1842137725286714, 1, 1, 1.6249986034697876, 2.8341970557448875, 2.396744420191412, 1.5114816718677453, 2.2941176448711325, 2.1358396653940437, 1.4119325778331766, 3, 2.739512206858749, 2.796336302493262, 2.00839221252906, 2.3769521252807997, 1.45736702265483, 2.6864175548086187, 2.8993251324873497, 2.004595833908314, 2.142468279587208, 1.9259148208703278, 2.6464232717467255, 2.1447548409518538, 1, 2.997189367659129, 1.4736010606794507, 3, 1.9681216331857496, 3, 1.9921897897679963, 1.9601923392433869, 1, 2.507206325882113, 3, 1.8026188445521685, 3, 1.8965427756574393, 1.5609844600430889, 2.66502788108077, 1.3476313525503354, 1.4927965943197912, 1.9843692575564174, 2.529338862869944, 1, 1.491212472389648, 1.6532609128693667, 2.7705780619418574, 2.625536396394863, 2.5970724123807596, 3, 3, 2.35446577749993, 2.079957812918691, 1.203041687444937, 1.2160449671348956, 1.639205751636327, 1, 2.4030664250755773, 2.646497846485454, 2.3042484100868794, 1.5976027752925839, 1.1920505349440913, 1.1459854379952503, 1, 1.2265855200365414, 1.65714851935535, 3, 1.4589620673564343, 2.5198487128381557, 1.9963599412628494, 2.371905625699955, 1.0714294097827388, 2.2390002260768203, 1.4808609041888374, 2.4347374891021945, 1.1715365469788845, 3, 1.6073669329599336, 3, 1.5402723555381606, 1.6776973253109242, 1.803564023362177, 2.6810599864315154, 1.4706812232564093, 1, 1.244364290528746, 1.7720206400847232], [0.54158607350096699, 0], 285.33148097991943], (0.5385930630190523, 0), (0.55687767729652549, 0)], 2: [[[91.7, 0.7035589756122412, 0.4808303100607788], [1.0, 0], 2485.6764199733734], [[2.330151864091545, 1.345506110466286, 2.362746738239809, 2.730604808252359, 2.2994046255704923, 1.0834014118402826, 2.7551652360938332, 1.8113283263102298, 2.579853740604614, 1.9897363184926817, 1.0240787994917495, 1.8866044545000098, 2.1744979741796566, 1.923800025397339, 1.5556505756339931, 1.0861417301459277, 1.4284821042086782, 1.0778163216479437, 2.3180725621687985, 1.7209023184119694, 2.8839309902943886, 1.461316943279942, 1.3691151334087142, 1.568990333931007, 1.0443563715666226, 2.9429192610392985, 1.4393391280365513, 1.1546568128787975, 2.045908919273054, 2.854446889268048, 2.5624536988472397, 2.573217812146863, 2.4517913709001387, 2.1881593954824554, 1.6564209737476687, 2.3080245188310364, 2.6626728944470885, 1.6631743705768554, 2.042806175714568, 2.9261963270838005, 2.4782622334153714, 1.3018684749762992, 2.7460333471409077, 1.0357832521270611, 1.6322752449844837, 2.856874027549423, 2.556337961675126, 1.1188951568735128, 2.947303622170037, 1.063350245892756, 2.774067195976736, 1.100635607617636, 1.0704570489212326, 2.2776978063114766, 1.7765765925506471, 2.5014289517085024, 1.6350001370118405, 1.4845753554882126, 2.507462188699555, 2.6773587755276025, 1.0094838739912384, 1.6022823116795293, 2.1034334617152948, 1.21170695603665, 1.5098199250498925, 2.783376248950086, 2.0289350638114136, 2.0301144793716164, 2.826874849626308, 2.0977193591390364, 1.7270952005642177, 1.273094849155083, 2.5449878237979346, 2.2495794692607847, 1.7233681131382015, 1.62141233729087, 1.1388414974000944, 2.6238647760274345, 1.3925879633511162, 1.086183172004181, 2.447776544857545, 1.3954264713819267, 1.2691410374916767, 2.929585859279167, 2.5317970285259013, 1.1555185531975949, 1.0450740571693493, 2.3192241542994987, 2.365921698271455, 1.5538025036852403, 1.7687935095128153], [0.79589216944801022, 0], 216.80073595046997], (0.77805222300635135, 0), (0.78630310716550411, 0)], 3: [[[57, 0.5795346841246302, 0.9690069256584897], [1.0, 0], 2190.023693084717], [[1.0441657468335819, 1.3258298276832199, 2.543250306039206, 1.2223101679766082, 1.457408457058585, 1.2202302533972205, 2.152093957366838, 2.485451914384633, 1.9579266241588829, 3, 2.760637560765641, 2.765010101588345, 2.2530420321439038, 1.0410609839872866, 1.8753746849540562, 1.860744523507304, 3, 1.5322381371504707, 2.057765552862934, 1.6860738830977162, 3, 2.5844859759641925, 2.852737952540254, 1.2362703201442682, 1.438238846295279, 1.9898389042980784, 2.175765997010119, 2.5969868493790473, 1.8266383179025, 2.3628418640377538, 1, 1.2260250087802687, 2.133170100753029, 2.0000168449802214, 1.9063134137945354, 2.8302475834186813, 1.4007025603895653, 2.421289831928342, 1.9663199828850217, 2.660348689071021, 2.1496173666042475, 3, 2.4523710160430063, 2.706227692853486, 2.2601936319383604, 1, 3, 1.0919198926916667, 1.02920228500964, 1, 1, 1, 1.6680624609002188, 3, 2.9954793055579114, 1.886607450438022, 2.1258899866201877], [0.56569343065693434, 0], 154.46336913108826], (0.5403262347077481, 0), (0.54832713754646845, 0)], 4: [[[73.7, 0.49572266811563315, 0.9586488747446437], [1.0, 0], 2100.33602809906], [[1.04900049770489, 2.6404599259523773, 2.5943588402468487, 2.695356160156837, 1.1347452109562481, 2.382051837968432, 1.6082916209874816, 1.743509341225618, 2.7145774422212496, 1.8644513647950995, 2.7293347969581365, 2.817253033103697, 2.691764999031487, 2.4185391691502818, 2.890629003504284, 1.6557440803823862, 2.535217175896994, 2.618778726197479, 2.225245563844756, 2.6177708953079795, 2.689327457115258, 1.3027216267096478, 2.441866382844388, 1.3604669300645031, 2.3967678744106067, 1.8295787193672397, 1.1100650416084175, 2.5405964737035838, 2.949968515406592, 1.4055169705502464, 2.325478942076199, 2.401570743361525, 2.952897654995957, 2.1358585124855125, 2.1513032627932818, 1.664207062618564, 1.1658184998748276, 2.4131611926845604, 1.5738252345070392, 1.3345392989970875, 2.5875674448533457, 2.7240559428985995, 1.4316575998950511, 2.7459375511167634, 2.93180765734306, 2.539626058657943, 2.9208020616073256, 1.547894796577783, 2.32696568721041, 1.6647082793526504, 1.0641119282204456, 1.2843742108762575, 2.337816712686903, 1.8279127317893025, 1.6469985671456433, 1.67026433307765, 1.8945138595912228, 1.4091462142148412, 1.355734801884276, 2.0796738719664294, 1.5303885635229646, 1.4991529265625674, 1.4413182222142, 1.0712306169895258, 2.2143382856575045, 2.993128665781943, 2.65355021342595, 2.2901752875073935, 2.3376798653835285, 2.0500294890383257, 2.571375246335132, 2.836968542816919, 1.2374190616839507], [0.57984790874524716, 0], 170.79639410972595], (0.55347531008659023, 0), (0.55372290292177184, 0)]}, [(0.48060708263069146, 0), (0.5385930630190523, 0), (0.77805222300635135, 0), (0.5403262347077481, 0), (0.55347531008659023, 0)], [(0.49533089727974017, 0), (0.55687767729652549, 0), (0.78630310716550411, 0), (0.54832713754646845, 0), (0.55372290292177184, 0)], 12115.958059072495]

Total Runtime: --- 12115.9584939 seconds ---


------------------------------------------------------------
Sender: LSF System <lsfadmin@n2f1-6>
Subject: Job 649468: </share2/aagrawa8/miniconda2/bin/python2.7 DE_topics.py _topics scifi> Done

Job </share2/aagrawa8/miniconda2/bin/python2.7 DE_topics.py _topics scifi> was submitted from host <login02.hpc.ncsu.edu> by user <aagrawa8> in cluster <henry2>.
Job was executed on host(s) <8*n2f1-6>, in queue <shared_memory>, as user <aagrawa8> in cluster <henry2>.
</home/aagrawa8> was used as the home directory.
</home/aagrawa8/topics_de> was used as the working directory.
Started at Tue Nov 22 17:59:02 2016
Results reported at Tue Nov 22 21:20:59 2016

Your job looked like:

------------------------------------------------------------
# LSBATCH: User input
/share2/aagrawa8/miniconda2/bin/python2.7 DE_topics.py _topics scifi
------------------------------------------------------------

Successfully completed.

Resource usage summary:

    CPU time   :  12118.52 sec.
    Max Memory :       436 MB
    Max Swap   :      1580 MB

    Max Processes  :         3
    Max Threads    :        23

The output (if any) is above this job summary.



PS:

Read file <./err/scifi.err.649468> for stderr output of this job.

