Target Label: doctor-who

Runtime for 1 loop of DE termination: --- 1190.37124705 seconds ---


Runtime for 1 loop of DE termination: --- 1490.42300606 seconds ---


Runtime for 1 loop of DE termination: --- 1212.08530188 seconds ---


Runtime for 1 loop of DE termination: --- 1480.4906261 seconds ---


Runtime for 1 loop of DE termination: --- 1288.30988908 seconds ---

[{0: [[[59, 0.5886273057961742, 0.7454619679289793], [1.0, 0], 1118.7995200157166], [[1.583428369050596, 1, 1, 1.2893648406972713, 1.8988418778191156, 3, 2.4990193554623987, 1.906394041000549, 1.8125613689017803, 1.5487535475835024, 2.302517887016641, 1, 3, 2.2909146713840185, 2.7138729354535225, 2.9119092469398935, 2.296177798033518, 1, 1.6862655456417353, 3, 1, 1.8451383458130617, 3, 3, 1, 3, 1, 2.4873971087223294, 1.2680642211482607, 1.7592552489658484, 3, 1.966235219078773, 1.6023897068600723, 1.759293123701946, 2.457118046919181, 1, 1.2975015686928826, 2.886730985857191, 1.1112934579711384, 2.6724180880396022, 2.5857664725136784, 3, 1.0205044784494217, 1, 2.5053867270157717, 2.0643326750941875, 2.7564595160424146, 1, 1.9441871977736445, 1.3631769855632565, 2.678832660837696, 1.4905595378207694, 1.067728966592731, 1.704924623321964, 1.252892317776103, 1, 2.363489006843703, 1, 1.7405459063975484], [0.73545554335894625, 0], 71.57172703742981], (0.76557863501483669, 0), (0.7514619883040935, 0)], 1: [[[93, 0.9129468595977887, 0.7736412907458524], [1.0, 0], 1283.7733900547028], [[2.2456652986242105, 2.53096745728394, 1.686983740179205, 2.485219284528715, 1.470689366300932, 2.73753618284782, 2.817287637336741, 1.315124477311233, 2.0580943245182146, 1.855314689521863, 1.382017604746691, 2.3813787885558124, 2.7769127344525373, 1.904159153367334, 2.9629374374753166, 2.9352307825881967, 1.5728431647655237, 1.309305643144872, 1.0598190839520865, 1.4293186556735984, 1.804029173156452, 1.6908344362384282, 2.915582303273454, 2.7488672022645493, 1.0420092159525052, 1.3242768397388216, 2.165100303391382, 1.999087727437001, 2.0424511491426194, 1.3149399358488907, 2.2155867436817878, 2.5435876299463125, 1.4859931148732937, 1.0972506741960193, 1.8216509223752655, 2.484185429663793, 2.651909139947897, 1.2486982022243387, 1.9093940364895505, 1.6944657347482268, 1.3487048908123715, 1.6246756241931004, 1.6566395598241546, 1.4798468239109972, 1.11100305979864, 2.025086984521131, 1.0395830091130163, 2.2076788911342464, 2.9249574668958354, 2.031926066188105, 1.613817207421215, 2.1288585047653736, 1.6250346333395524, 2.154373760296243, 1.2955126027084265, 1.3395824382665875, 1.089862442626455, 2.319669479739325, 1.9681991980953835, 2.651926895826554, 2.3667159537416915, 2.2016656714429175, 1.352263800075637, 1.9691070835617506, 1.0722923610702653, 1.0930400063106516, 1.6392595042110265, 2.533181816031643, 1.8163852015395014, 2.8603565117810685, 1.6828860427768948, 2.047613056400328, 1.1349899421389207, 2.8117252976691276, 2.986027300104371, 2.1213948869217107, 1.3622163653947528, 2.3770477933608563, 1.4341451849743485, 1.4046864233599101, 1.5197908056509986, 2.5443272876882794, 1.8218587640804937, 1.1664165117615524, 1.446968525222066, 2.193985330650438, 2.582653477696544, 2.844327045029744, 1.9759496001570154, 1.5382420704863673, 1.5114795939909866, 1.155787501823586, 1.0337823879015735], [0.73015873015873012, 0], 206.6496160030365], (0.62068965517241381, 0), (0.69046225863077826, 0)], 2: [[[53, 0.42312484526655936, 0.40279251292510126], [1.0, 0], 1161.3503558635712], [[2.237628896199564, 2.5189593654115803, 2.2304179806449254, 3, 2.05577567065593, 1.3983377829212644, 1.5002504918994102, 2.430649932093984, 2.3637635709706464, 1.9035823993815102, 2.7971012577101337, 2.9568470623006267, 1, 2.0822498310365094, 1, 1.7141693953649577, 1.483097080744042, 2.2713572441627345, 2.3939026361649907, 2.146959253276661, 1.4043005059959983, 3, 2.16864252934102, 1.3670892008774, 2.5450107768673056, 2.816944590128521, 1.7072553258908387, 2.912209625506111, 2.4672126196578192, 1.816621198110015, 1, 2.5765885954891523, 2.054958834319069, 1.0571075485444423, 1, 2.1806826438319318, 1.3094074656344517, 1.9992495438503717, 1.281522235837132, 2.0962754145343663, 1.2544691740325153, 2.079581023543799, 2.031017983972563, 1.9420858713876488, 2.5000688306823267, 1.7573625017681525, 1.7032656441923897, 2.47776673528526, 1.7951404861370461, 1.5261883596816501, 2.362462860048932, 1.3213966902622407, 2.0906590769480182], [0.83333333333333348, 0], 50.73494601249695], (0.84481725584182144, 0), (0.83926453143534996, 0)], 3: [[[96, 0.8951593628511221, 0.4411795037180307], [1.0, 0], 1289.7799389362335], [[2.9713642087158507, 2.0232104338145565, 2.000844279631239, 2.5950816230321863, 2.47686335054743, 1.967582162762789, 2.4336481693622813, 2.5274292903954403, 1.0927222755528585, 1.4538983308820006, 2.2663631750216133, 2.3791156233887567, 1.899154995083698, 2.4466998639460344, 2.4727306464807457, 2.370367651936353, 2.9748663215020654, 1.8109152773905342, 1.0890481093835287, 1.0100793832516435, 1.7303176633507087, 1.0333831938767486, 1.6748801503655917, 2.965149721099251, 1.6889632650971893, 1.6674990718677496, 2.670120329096136, 2.400100831749629, 1.8652137923702532, 1.0543480109362013, 2.643085368560559, 1.9711361518339823, 2.237326292069991, 2.0829553932837177, 1.2707581501829521, 1.271649533103242, 2.1826327655388633, 1.6909271416914946, 2.902846838428011, 2.5160752595895644, 2.842058099429299, 2.6284460553446958, 2.989769161520105, 1.0339506018674325, 2.4058937746654365, 2.8413354911082696, 1.2915354060289275, 1.6836743202594169, 2.5289129071954264, 2.799308982251027, 1.3234795341731909, 1.2782729407283366, 1.9895058341097944, 2.5526984936303982, 2.998351097498806, 2.285264964918471, 1.043214811567231, 2.681582352850149, 2.469271969577155, 2.9062683498167394, 2.923534931793654, 1.1074008640289572, 2.4977117121673817, 1.5121674983918851, 1.9206814038433588, 2.3017418557452647, 2.315158380196257, 2.4155307269515784, 2.956912488396627, 2.2320117350978403, 2.415002023934592, 2.330974274049103, 1.1778373555109867, 2.509888085527082, 2.1400943709876716, 2.8644955612001657, 2.7468476557317203, 2.1666537188076314, 1.945563377093748, 1.7289411409948292, 1.3446418370963937, 2.838280059255913, 2.430377811045246, 2.9190121812676093, 1.0871692496800336, 2.6513728452885075, 2.035438146760406, 1.596663597569719, 1.2225424709677815, 2.211530994244918, 1.5187251379938818, 1.3839244360542, 2.5974027291308177, 1.7316119124160039, 1.2905543176614547, 2.3164143313329353], [0.73157315731573169, 0], 190.71068716049194], (0.7289719626168224, 0), (0.76247165532879824, 0)], 4: [[[80, 0.20698426819940502, 0.48713112989560703], [1.0, 0], 1223.4902839660645], [[1.802661836937848, 2.0895506016736567, 1.6872801110635713, 1.427294232063885, 1.2295877375117699, 2.858692496197457, 1.7694518957296013, 2.3112753002683357, 2.257455296271482, 2.3155283991597777, 1.4035148729078648, 1.5640532121134818, 1.2517000592082523, 2.5664500808314212, 2.6917196661375344, 2.4857173031864193, 1.9594892320201918, 2.282195184659643, 2.0590581379996467, 1.656260453404749, 1.8122519301006206, 1.0912860348763918, 1.9643344748247884, 1.1727899268636686, 1.1543927824982578, 1.5723805699981865, 1.418877562662272, 1.325453719748075, 1.7269144241261063, 2.10344954337024, 1.139608308298221, 1.063717789933537, 1.2662382188546533, 1.5689806887511308, 2.1507963372276824, 2.6934432267815684, 2.342065986216188, 2.1427993653434227, 2.5212286560683053, 1.513775502390864, 1.9334927016027268, 1.3017457525200895, 1.4984640267029248, 1.091159585099683, 1.3779818497222205, 1.523408780581116, 1.106421321931318, 1.4053151261333923, 1.3858238636616473, 1.1842252835196914, 2.7460367504866676, 1.259469254172832, 1.93012771452891, 2.584479873202123, 2.0013484182532895, 1.4084173027377669, 2.7824277610927703, 1.3829363316520045, 1.8145281219353222, 1.788349344673518, 1.9722223071981198, 2.94052226223383, 2.13052595325619, 1.8881555268259784, 1.3061211277798261, 2.8934109981321043, 2.314376653150425, 2.080448740245525, 2.128808900858771, 2.0998623847076447, 2.8671319715463195, 1.141743823510758, 2.935041041199022, 2.855760708918483, 1.9898729077431014, 2.488289949779243, 2.4289075630465424, 2.3313885821628326, 2.654597993888217, 2.1354039472887596], [0.84028605482717522, 0], 64.8196051120758], (0.82989994114184817, 0), (0.83095374071958883, 0)]}, [(0.76557863501483669, 0), (0.62068965517241381, 0), (0.84481725584182144, 0), (0.7289719626168224, 0), (0.82989994114184817, 0)], [(0.7514619883040935, 0), (0.69046225863077826, 0), (0.83926453143534996, 0), (0.76247165532879824, 0), (0.83095374071958883, 0)], 6662.0735039711]

Total Runtime: --- 6662.07392097 seconds ---


------------------------------------------------------------
Sender: LSF System <lsfadmin@n2f1-6>
Subject: Job 643339: </share2/aagrawa8/miniconda2/bin/python2.7 DE_topics.py _topics scifi> Done

Job </share2/aagrawa8/miniconda2/bin/python2.7 DE_topics.py _topics scifi> was submitted from host <login04.hpc.ncsu.edu> by user <aagrawa8> in cluster <henry2>.
Job was executed on host(s) <8*n2f1-6>, in queue <shared_memory>, as user <aagrawa8> in cluster <henry2>.
</home/aagrawa8> was used as the home directory.
</home/aagrawa8/topics_de> was used as the working directory.
Started at Mon Nov 21 22:46:00 2016
Results reported at Tue Nov 22 00:37:03 2016

Your job looked like:

------------------------------------------------------------
# LSBATCH: User input
/share2/aagrawa8/miniconda2/bin/python2.7 DE_topics.py _topics scifi
------------------------------------------------------------

Successfully completed.

Resource usage summary:

    CPU time   :   6663.15 sec.
    Max Memory :       414 MB
    Max Swap   :      1556 MB

    Max Processes  :         3
    Max Threads    :        23

The output (if any) is above this job summary.



PS:

Read file <./err/scifi.err.643339> for stderr output of this job.

