Target Label: doctor-who

Runtime for 1 loop of DE termination: --- 3738.41471386 seconds ---


Runtime for 1 loop of DE termination: --- 3301.93235707 seconds ---


Runtime for 1 loop of DE termination: --- 3755.45875812 seconds ---


Runtime for 1 loop of DE termination: --- 4021.00845194 seconds ---


Runtime for 1 loop of DE termination: --- 3525.59896612 seconds ---

[{0: [[[144.44, 1, 1], [1.0, 0], 3365.3638558387756], [[1.4675053485318137, 1.2538554712739167, 1.3848007364638493, 1.8416088894057483, 1.5158323332285017, 1.082967663203578, 2, 1.8838711473961516, 1, 1.5961504111217197, 1.3778252212647462, 1.1015716446004615, 2, 1.44717259630111, 1.9835407322340401, 2, 1.339249408855939, 1.819086938855592, 1.1039888061479564, 1.8342691756470868, 1.1650725794818522, 2, 1.5064754891525194, 1, 1.3308660219755326, 1.2699482811636769, 1, 1, 1.4602107130419717, 1.382621802155989, 1.5288917979995411, 1.692740032080583, 1, 2, 1.856389586164507, 1, 1.1209819615924799, 2, 1, 1.4488732196077434, 1.0421326262260773, 1.0035526460139355, 1.186938958501842, 1.6921282831695907, 1.2457818560237746, 1.6882568685301362, 1.3160076036127697, 2, 1.4909918145019168, 1.6053507546354167, 1.6016331281373524, 1.8499753507825218, 1.4542045323562989, 1.8807105172124055, 1.3953133762105792, 1.2858985017428677, 1.7519614952573894, 1, 1.5280894720358664, 1.359194111539329, 1.5515407499680824, 1.2355011502584181, 1.9485789024129685, 1.4284114911086627, 1.3653492653742478, 1.8004100737111497, 1.4423170788634985, 1.7595746484063586, 1.4103962687943081, 1.2542511573157604, 1.3812534059240555, 1.1353010847380898, 1.0037949049407553, 1.2924036715661602, 1.6412445382153282, 2, 2, 1, 1.6207490227422239, 1.034196428291707, 1.1257436254701978, 1, 2, 1.628998855365422, 1.7926845210258289, 2, 1.4179424291529896, 1.7984899175057272, 1.4396492577185303, 1.6513133884089797, 1.992082056320457, 1.6953247721485762, 1.4233848712803576, 1.1105738646770968, 1.472035477254399, 1, 1.0972238937229901, 1.3625097958397552, 1.5106916635512466, 1.6692603049939227, 1.4625400363715706, 1.4122045508492946, 1.2417965315514239, 1, 1.5502721667093362, 1, 1.620469130144842, 1.5893435211711675, 1.279985518509397, 1.3937024334993025, 1.355555611687629, 1.0706510072965019, 1, 1.7878627753002676, 1.0219636698333678, 1.8856391996260593, 1.5127811328296377, 1.6253794318934118, 1.0360948518769484, 1.749881756670302, 1, 1, 1.8019982734342448, 1.822158335001144, 2, 1.274672572348861, 1.1263467557177747, 1, 1.3360962822548201, 2, 1.1410551631419603, 1.1217524757161084, 1.6364062947091478, 1.4461333733900603, 1.5721180949858218, 1.574505613697127, 1.1646907305221654, 1.8439033320726506, 1.1555430092883057, 1.3368907432402435, 1.4371420409614006, 1.31312257272768, 1.224785275408614, 1.7956919780274148], [0.5908096280087527, 0], 373.05085802078247], (0.55147058823529405, 0), (0.57669441141498223, 0)], 1: [[[70, 0.6754548456791918, 0.6790945397260048], [1.0, 0], 3217.7298200130463], [[1.625769817352662, 1.8146037031141686, 1.1627743949825076, 1.1755193320965265, 2, 1.5664795465767325, 1.5594303489185957, 1.38861589410246, 1.152685469077892, 1.672769722562945, 1.3161684880772924, 1.5850274872898618, 1.4723500221286443, 2, 1.8604575342863292, 1.0932390415776436, 1.5922212335305979, 1.4814570269504979, 1.7336823239363015, 1.5192655541472393, 1.2310476939561963, 1, 1.8542160131433545, 1.9910051327081058, 1, 1.3347951637849702, 1.7179731073247388, 1.817218048155593, 1.315211805967472, 2, 1.362452690372477, 1.0210527273303331, 1.0698720910974542, 2, 1.4119404146612047, 1.2531694984818598, 1.8636683445611273, 1.167188590739256, 1, 1.6398781735822998, 1.2478384372369142, 1.4536292639399204, 1.6125323996985568, 2, 1.640516645281539, 1.4663015811524904, 1.135844938795114, 1.738342498836732, 1.5907766894610895, 1.025260815333543, 1.4370110989857885, 1.0659707169332127, 1.5500424782889695, 1.943633868611028, 1.6684885724716034, 1.876614412852442, 1.5995072944183606, 1.2732185268632588, 1, 1.7842267315394333, 2, 1.315712818586424, 1.2208331064047744, 1.6567168836241644, 1.3064124459415596, 1.5015201874175153, 2, 1.786648265629688, 1.4597232231515431, 1.6264453786258146], [0.7338902147971359, 0], 84.20253705978394], (0.73874445149017109, 0), (0.74561403508771928, 0)], 2: [[[136, 0.8399900275081903, 0.6568040202593582], [1.0, 0], 3436.573403120041], [[1.2339003979957734, 1.4113566880682304, 1.150341087413583, 1.0175324485485415, 1.7331330498895006, 1.0077006507759647, 1.9006525870194386, 1.1707096252809854, 1.849764383303862, 1.4595821779173157, 1.6961591363813082, 1.0941683569170553, 1.622022616495021, 1.986221746708, 1.8588184052226018, 1.3506138610687972, 1.371757724734449, 1.1885515734167917, 1.2654991463410878, 1.543577073055817, 1.1139677697652843, 1.1864520534040461, 1.5665728653754631, 1.2981400939487642, 1.3179395233270084, 1.2307291644608505, 1.0781533468004656, 1.305457287983231, 1.0711253654079078, 1.6349287048714949, 1.0874941745337767, 1.7874309069683039, 1.8600286601107205, 1.16309086687548, 1.9715993846980298, 1.5169899880220103, 1.035078402362755, 1.12260061825021, 1.2123276170295796, 1.2242815718934794, 1.0082529270867582, 1.0020363596243258, 1.2303664578869586, 1.5519323424849016, 1.2707570034736575, 1.1956836001408746, 1.9071382809896267, 1.0796194875209197, 1.8472914178582704, 1.2993550040555253, 1.9974413858787092, 1.1646252013259693, 1.5228805691723677, 1.7446908488027182, 1.7420821935421422, 1.3195034192596828, 1.1882780720603743, 1.2252843844198078, 1.453028345282457, 1.199882972595863, 1.0281850091371005, 1.8106507308210567, 1.4458166610025835, 1.9015310115301172, 1.7730755558113425, 1.6872953208581192, 1.627070079642015, 1.909025735213138, 1.2703983184617063, 1.7168427804274131, 1.7742922030547428, 1.1331218220335608, 1.377060706507864, 1.5709129562290753, 1.6123011959359697, 1.7502806011785532, 1.4201320151457688, 1.0048279881751887, 1.6268843763608687, 1.9189301507946945, 1.773850609518588, 1.1671772243671201, 1.4597015433416534, 1.0590669971371085, 1.8123849671964267, 1.304690335497272, 1.9625374498065824, 1.437163992545805, 1.2970100780231155, 1.9281625176775345, 1.87572214066823, 1.4221628066293, 1.1195913752093736, 1.323895746469156, 1.529492754290295, 1.877213694710297, 1.7299361979342152, 1.253833699269666, 1.9664582711146337, 1.631166756986493, 1.2282685407506801, 1.2681115739639721, 1.1963804712343298, 1.3775076210184132, 1.1789589377179759, 1.3139770575860759, 1.5410421154710883, 1.0086124600101432, 1.7519664798847256, 1.5256637073916384, 1.7861952416106845, 1.1373594893674792, 1.6312152063566545, 1.3743610824856698, 1.5077398353749762, 1.1627559097906974, 1.0032293028243857, 1.9170598106174084, 1.7663719875726263, 1.234800034550882, 1.9837471736003134, 1.9578851343965025, 1.9197601326714553, 1.8922940646045179, 1.5871159097029346, 1.635535702140491, 1.053042675711906, 1.0874446199897054, 1.672769868778325, 1.6181366955174117, 1.2166459641763854, 1.9183403100818315, 1.2779315686024721, 1.8316638153989326, 1.5356425368918094, 1.766637302732363], [0.7378129117259552, 0], 318.88535499572754], (0.65426997245179064, 0), (0.67224080267558539, 0)], 3: [[[124, 0.9337942393762514, 0.624063430179282], [1.0, 0], 3757.7106919288635], [[1.2680242226124592, 1.4428684570513415, 1.0276515992442228, 1.8352903169779, 1.390181812551385, 1.1265467325466474, 1.7883317504312144, 1.645414909333799, 1.3691895548855983, 1.7706660468675577, 1.1437866307347493, 1.41946477897886, 1.4587001298434674, 1.38763468327336, 1.4885690651140373, 1.1444612366439655, 1.8350648207523252, 1.9493221329489885, 1.9037892459526178, 1.0634999838887722, 1.1425055493432505, 1.7440720388468822, 1.6913023077465823, 1.6268285110513234, 1.7913156680499456, 1.995304884045134, 1.1562915607007938, 1.7603697223732322, 1.7777262512174439, 1.138418462999018, 1.8713790180785934, 1.1985864809563747, 1.4848659453716873, 1.400731321939167, 1.1369306792884464, 1.86978465512891, 1.1472884106796244, 1.8429513791839731, 1.6486567076886465, 1.8029399273259061, 1.5054379209624056, 1.8619585796766134, 1.0108626473004263, 1.1179714118830368, 1.6226455751523396, 1.4812508169804846, 1.3543466587384643, 1.7995279676251763, 1.9715185796145334, 1.2087120706224188, 1.5652885727866703, 1.804939275016, 1.0427740322941448, 1.4235543034501368, 1.3911671934939092, 1.5750182007489415, 1.364146879747211, 1.3398879325891149, 1.9270292924452468, 1.5894314149840532, 1.2267106286711267, 1.275078728055947, 1.4535043434069832, 1.6218862208987936, 1.40365176935634, 1.5291213374975008, 1.603728451596048, 1.2266484572960694, 1.6396132555988396, 1.1518086501478644, 1.6519185844515305, 1.6214160571503045, 1.0901008639050902, 1.2000799631219774, 1.0524198008798926, 1.9379037679903552, 1.2508374990290445, 1.127198050993647, 1.4417508664383356, 1.5338937194574742, 1.0582905580452215, 1.9945678310702788, 1.5711840925944307, 1.8330925235068498, 1.3136615439829198, 1.4038862460355577, 1.3131387451080851, 1.9297889942467181, 1.8745019727129262, 1.7787720477493303, 1.754882964919381, 1.6845225181432786, 1.4460344815354835, 1.4629185848133464, 1.3207012666787228, 1.679294700459102, 1.6541478442143664, 1.4307687358794734, 1.017322457988699, 1.875137373205733, 1.6828720607085925, 1.3295669142973057, 1.0039511466106217, 1.5506823975000055, 1.2629644697440994, 1.8911787480920599, 1.595912475135135, 1.2009667842243652, 1.8266373107463982, 1.8336832962785197, 1.0710163081809854, 1.2475305919842326, 1.000900261946838, 1.0071692292398657, 1.2087353206474925, 1.8658739879451385, 1.0384518347635407, 1.2012903980873402, 1.0679359918312579, 1.8238137519358242, 1.5071651799947325, 1.2427997043747716, 1.4883448689747993, 1.5787872167583727], [0.71979434447300761, 0], 263.2977600097656], (0.65696022727272729, 0), (0.69471624266144805, 0)], 4: [[[112, 0.4135649624410438, 0.8154670821834761], [1.0, 0], 3388.2992329597473], [[1.4749347883608486, 2, 1.5326149318082805, 1, 1.4352070314807701, 1.372511998371539, 1, 1.5322750440530308, 1, 1.6694547005470064, 1.7446050807296523, 1.0150986993559845, 1.6663986495837757, 1, 1.96299852121609, 1, 1, 1, 1.7724740726433283, 1.6612451383797144, 1, 1.975119390880597, 1.8654008921454999, 1.6133774678560149, 1.1618770467598079, 1.7653378183753214, 1.6538852677664124, 2, 1, 1, 1.2325245714505209, 1, 1.2119841319773281, 2, 1, 1.5532865693691158, 1, 2, 1.1327890547518018, 1.0121845145445902, 1.4071346694986384, 1.974201140915948, 1.7703913147121204, 1.3467291608381016, 1.1176001031855323, 2, 1.0234566161215803, 1.87213167710525, 1.3678155595871404, 1.0831396698872315, 2, 1.9938795433398089, 1.336481051497916, 2, 1.9858477190251518, 1.3640416555864179, 2, 1.455455423064934, 1, 1.6709486682512504, 1.1265290126159, 1.4070685465197845, 1.296281275327772, 1, 1.5105947481569637, 1.6516815389214348, 2, 1.3521355226636345, 1, 1.9427844393115163, 1.4060011876024305, 1.2667036612053126, 1.786726216569474, 1.5473385264213961, 1.3433817642193249, 1.4355293953568953, 2, 2, 1.2902547852279707, 1, 1.3416435727995353, 1.4572495214981174, 1.727956257948898, 1.9454509174650414, 1.6227761005345862, 1.8638300049260244, 1.83236265916098, 1.8183510868703225, 1.2786532233543806, 1.2231923346295184, 1.366801372438886, 1.8697455689135642, 1.1486964729539946, 1.1411121728393974, 1.5882801093612813, 2, 2, 2, 1.1804612571918405, 1.2101656567679606, 1.8815385295062352, 1.0418255748566223, 1.0622030312802178, 1.6439849468392966, 1.4498356855884407, 2, 1.8288015141795617, 1, 1.5853390031022636, 1.5138675787556708, 1.6526750981841665, 1.7525907419842346], [0.79949238578680193, 0], 137.29973316192627], (0.74285714285714299, 0), (0.77846364883401931, 0)]}, [(0.55147058823529405, 0), (0.73874445149017109, 0), (0.65426997245179064, 0), (0.65696022727272729, 0), (0.74285714285714299, 0)], [(0.57669441141498223, 0), (0.74561403508771928, 0), (0.67224080267558539, 0), (0.69471624266144805, 0), (0.77846364883401931, 0)], 18342.65939116478]

Total Runtime: --- 18342.660042 seconds ---


------------------------------------------------------------
Sender: LSF System <lsfadmin@n2f1-6>
Subject: Job 628067: </share2/aagrawa8/miniconda2/bin/python2.7 DE_topics.py _topics scifi> Done

Job </share2/aagrawa8/miniconda2/bin/python2.7 DE_topics.py _topics scifi> was submitted from host <login03.hpc.ncsu.edu> by user <aagrawa8> in cluster <henry2>.
Job was executed on host(s) <8*n2f1-6>, in queue <shared_memory>, as user <aagrawa8> in cluster <henry2>.
</home/aagrawa8> was used as the home directory.
</home/aagrawa8/topics_de> was used as the working directory.
Started at Tue Nov 15 17:06:24 2016
Results reported at Tue Nov 15 22:12:08 2016

Your job looked like:

------------------------------------------------------------
# LSBATCH: User input
/share2/aagrawa8/miniconda2/bin/python2.7 DE_topics.py _topics scifi
------------------------------------------------------------

Successfully completed.

Resource usage summary:

    CPU time   :  18344.50 sec.
    Max Memory :       488 MB
    Max Swap   :      1638 MB

    Max Processes  :         3
    Max Threads    :        23

The output (if any) is above this job summary.



PS:

Read file <./err/scifi.err.628067> for stderr output of this job.

