Target Label: yes

Runtime for 1 loop of DE termination: --- 522.318678856 seconds ---


Runtime for 1 loop of DE termination: --- 630.936366796 seconds ---


Runtime for 1 loop of DE termination: --- 489.823796988 seconds ---


Runtime for 1 loop of DE termination: --- 596.596297741 seconds ---


Runtime for 1 loop of DE termination: --- 600.657532692 seconds ---

[{0: [[[55, 0.7602710954605432, 0.7648532511684383], [1.0, 0], 509.898628950119], [[1.158597278078438, 2.336868995596947, 2.487292087410676, 2.3225387202155994, 1.7520645751682375, 1.0985360437206688, 1.179521290438261, 1.3305742810299934, 2.3624669950561197, 2.3102795296339105, 2.454895352976634, 2.203316188094095, 1.1468705913579633, 1.1133477641366343, 1.8714701196980037, 1.469840293708956, 1.0192409066134314, 1.957913361203753, 1.1482938514356862, 2.8763043565751323, 2.5916800350125313, 1.9441227072513059, 2.8136369591632846, 2.029632903569061, 2.5081556969090126, 2.085296203806058, 1.7260107435798508, 1.4374575806859389, 2.9625047476131625, 1.7769052169318018, 1.623137937392585, 2.7463250177240104, 2.731517659118946, 1.5588518916514482, 2.1511710397041353, 1.5485344717767957, 1.399646662114194, 1.3979122116102132, 1.4949117520562984, 1.9268125543468033, 1.2141333298701762, 1.8877819605149442, 2.542948909661594, 2.087368872984073, 1.5700609758515272, 1.563902617816732, 1.0586953758400695, 2.4774897496533335, 1.1808048664252802, 1.5038252873671913, 2.5635416779575517, 1.5008047372738702, 2.6358525344472774, 2.188095217265153, 2.3638961135847225], [0.868945868945869, 0], 12.420049905776978], (0.81360946745562135, 0), (0.82966226138032306, 0)], 1: [[[88.0, 0.1, 0.9238070672765982], [1.0, 0], 619.7229218482971], [[2.831606999573405, 2.5536984886715453, 1.9544569463609764, 2.8780037639148084, 2.56288141746045, 2.534888833650383, 1.7822708536886245, 2.645295039656941, 2.387293545559494, 1.336269094368448, 1.0870807496326906, 1.7147765120674172, 2.236752039354541, 1.801114926905945, 2.3726506547494997, 1.4677018912076452, 1.8193953882786336, 1.0960728429761422, 2.639529282575364, 2.2601284203003797, 1.430726652280755, 2.249849548927949, 2.8291863063670855, 2.985712998904252, 1.7903932460919842, 2.2504708407888163, 1.559759233031146, 2.4883837067280803, 1.484641343446659, 1.1358240422005512, 1.9057725431477393, 1.5368838684833381, 2.0129350969284685, 2.628503085104338, 2.152554865447955, 2.752923380920916, 2.6279355849315325, 2.6248779782510345, 2.0223323471964667, 1.851604642452688, 1.3511723382101786, 2.3976291576231326, 1.6825505290357987, 2.3990767553334593, 1.253553088580809, 2.9710363568092033, 2.292474719973334, 2.7440148292716655, 2.829274611645018, 2.083328492713597, 1.7319722472273218, 1.048202731248259, 2.772871959924822, 1.2993092793994045, 1.998131703685862, 2.1629230178554764, 1.5305262650910398, 2.210880433679498, 2.2767575028256175, 1.2245802750407169, 1.7937570962380425, 2.2839169667232806, 1.4865189567093833, 1.683952617846428, 2.550889744486185, 2.206218570383367, 1.78684036657412, 2.5925861369781154, 1.5824599645407578, 2.906451056613826, 1.6672139736986717, 2.8051293463765328, 2.224347128919093, 2.3667022843477206, 1.8555713564272127, 2.0360819506836294, 1.355826830803076, 1.7749745814618985, 1.5626678494488255, 2.8875337526608784, 2.07495015461383, 2.791579872673779, 2.8444680242495886, 2.041752863435941, 2.913515583490973, 2.4895592572870804, 2.8836909778639592, 1.5128380607037837], [0.94366197183098599, 0], 11.213444948196411], (0.90844062947067239, 0), (0.89413447782546485, 0)], 2: [[[59, 0.9436741185025842, 0.9853382031885467], [1.0, 0], 476.8414340019226], [[1.5200719562119485, 2.6622476760676252, 2.1579346083294757, 1, 1.9898306418818867, 1.3162554615493873, 2.34848383909163, 1, 1, 3, 2.449244703334984, 2.927401177580802, 3, 1.6112021923488402, 2.9477347996117245, 3, 1.7527235249770186, 2.81806282592594, 2.80837242069124, 2.5548131094107442, 2.7788000253494523, 3, 3, 2.5175826422134966, 2.2975136288579696, 2.0573031936678854, 1.7137102353097098, 1.9735036086529736, 1.7845100051590905, 1.4730160002412, 1.8533076319329522, 1, 1, 2.1994052822453347, 1, 1, 2.4124741937014083, 3, 1.7828915260342557, 1, 2.8218252257842815, 1, 1, 1.2547435859245806, 1.6177204751477952, 1, 1.7489762519415113, 2.119114571802489, 1.4804074986309343, 2.690944707709135, 2.729326884269958, 1.8441194334364397, 2.439163305595934, 2.7268515271517715, 2.1142447062969305, 1, 2.1453492937301215, 1.169395866503653, 1.6889559468522035], [0.81896551724137923, 0], 12.982362985610962], (0.6589147286821706, 0), (0.78475336322869949, 0)], 3: [[[96.3, 0.45061469798266696, 0.6894987663555829], [1.0, 0], 575.9754729270935], [[1.68599631026431, 1.0740505192632548, 2.0385970334745065, 1.7321666372490225, 1.7607248725097038, 2.9205411085175905, 2.4516813816198892, 1.563087771910001, 1.059869889884313, 2.40848299816719, 1.1108531090260412, 1.250760823947735, 2.5903766695724837, 2.2253624380798405, 2.088325174739677, 1.0856031288658372, 2.821008842914834, 1.7438935272806524, 2.7030717558067954, 2.6172279814248043, 2.03234371825385, 2.5064969218859154, 2.330660816561757, 2.387204581645424, 1.3058220691189109, 2.7059549113013945, 2.3313993242806896, 1.8579135066559653, 1.765196844128418, 2.6713553550284566, 2.9751221331881936, 2.6738426362196837, 1.1004516079288065, 1.034123764031226, 2.7567603771362377, 2.4644175364591154, 2.0085206125636623, 1.2668867569513589, 2.8137400173379596, 2.6169219289379013, 2.949205689069478, 2.6712779660502015, 1.907754925343415, 2.2073596306297, 1.133716407836031, 1.3773624497600874, 1.0046626311445563, 1.388655919508877, 1.5688665688113135, 1.2455977546484482, 2.6634228243195537, 2.7171866324054488, 2.3352150567498224, 2.693900997643188, 1.6670686515475677, 2.2237021867784073, 1.6645972071523207, 1.3111691576849336, 2.6962000453142503, 2.5566461824557236, 2.7888390044210145, 1.3432485178841487, 2.9818425143185983, 2.9079688393924776, 1.1054534520899493, 1.8715360325002566, 2.2675125924762507, 1.0176686193154658, 1.7561324373020837, 1.055701685572028, 2.5848693068907265, 1.0125474894883744, 2.287289645585111, 2.17775527006333, 2.047504903578115, 1.7246363492100028, 1.0896168799928172, 1.0290908292070098, 2.527829440434892, 1.8670894908632603, 2.315385756151396, 2.376871759457911, 2.54156499456717, 2.450289534423019, 2.1174192814283526, 1.8248898400430762, 2.950847880857003, 2.3003725021089805, 2.996920970994702, 2.5462297727520977, 1.621855591944237, 1.2176472489724137, 2.7090034260085343, 1.302931034776651, 2.378036025844307, 2.7488347995242686], [0.87643678160919536, 0], 20.620824813842773], (0.7359635811836116, 0), (0.74660633484162897, 0)], 4: [[[100, 0.83462499745357, 1], [1.0, 0], 570.134566783905], [[2.2819664415203547, 1.6820556902495762, 2.132993996374669, 1.9372091207370372, 1.2646267999597607, 2.7822538586135837, 1.8087256933586189, 1.0793828002121286, 2.640376397829065, 2.5092948766223704, 1.9497566867670384, 1.9295916956326484, 1.0567600039257596, 1.5589370694581985, 1.952833181266693, 1.7467634183616287, 2.7891833958053196, 2.1153223844686107, 2.8215373605726457, 1.413805586075455, 1.9560541914309764, 1.9849597519698057, 2.273627708722442, 2.5146235485234483, 1.0004832329083024, 1.5834425976432773, 2.8877148178415997, 2.3766068062854817, 1.2524418996723714, 1.885650662799547, 2.251769018898504, 1.9233653089132716, 2.5811769572032928, 2.9198202588305433, 2.67409932102674, 1.4760706317649206, 2.026359356948051, 2.793325797024784, 1.8375329421788926, 1.913971440307061, 1.3704127696966848, 2.7521634678144324, 1.2129174458985756, 1.8735007791060596, 2.155881771836599, 2.777932388510494, 2.9455040683601883, 1.1846810563852883, 1.64821989312076, 1.8137800308231815, 1.3360474257833526, 1.2797793409264513, 2.1502044665022995, 1.4342550541958783, 1.5541979518659867, 1.8937076945959002, 1.5976114062746778, 1.307073763906621, 1.0719405914322107, 2.220660084733585, 1.0012412386758507, 1.6009614634847937, 1.804224238554344, 2.7339923899949605, 1.4817876781490023, 1.6581622073680624, 1.3619161280741852, 2.0875514363080994, 2.1672531455106983, 2.1268659369156673, 2.8795808674018355, 1.8632979833913708, 1.2178526003532555, 1.8664239965142038, 2.3092057124231946, 2.086843921655662, 2.489510486132495, 2.203665564584238, 2.655332827074947, 2.5512834625823952, 2.5320961733574663, 1.1478579196707743, 2.9453348732940396, 2.6344934429446933, 2.7887673554647163, 1.5530979014978057, 2.293510239634868, 2.9252832165874167, 1.6642817117983295, 2.0533359070779347, 2.0613009631048627, 2.902186337884028, 2.3730897559554793, 1.477929029329109, 2.268405799583796, 1.9366745436187578, 2.0581369449932927, 1.8190247352673097, 2.86008352071348, 2.3345924766494868], [0.81428571428571428, 0], 30.522965908050537], (0.6171875, 0), (0.7633053221288516, 0)]}, [(0.81360946745562135, 0), (0.90844062947067239, 0), (0.6589147286821706, 0), (0.7359635811836116, 0), (0.6171875, 0)], [(0.82966226138032306, 0), (0.89413447782546485, 0), (0.78475336322869949, 0), (0.74660633484162897, 0), (0.7633053221288516, 0)], 2840.4725379943848]

Total Runtime: --- 2840.47306609 seconds ---


------------------------------------------------------------
Sender: LSF System <lsfadmin@n2g2-9>
Subject: Job 643340: </share2/aagrawa8/miniconda2/bin/python2.7 DE_topics.py _topics SE0> Done

Job </share2/aagrawa8/miniconda2/bin/python2.7 DE_topics.py _topics SE0> was submitted from host <login04.hpc.ncsu.edu> by user <aagrawa8> in cluster <henry2>.
Job was executed on host(s) <8*n2g2-9>, in queue <shared_memory>, as user <aagrawa8> in cluster <henry2>.
</home/aagrawa8> was used as the home directory.
</home/aagrawa8/topics_de> was used as the working directory.
Started at Mon Nov 21 22:46:00 2016
Results reported at Mon Nov 21 23:33:22 2016

Your job looked like:

------------------------------------------------------------
# LSBATCH: User input
/share2/aagrawa8/miniconda2/bin/python2.7 DE_topics.py _topics SE0
------------------------------------------------------------

Successfully completed.

Resource usage summary:

    CPU time   :   2838.94 sec.
    Max Memory :       190 MB
    Max Swap   :      1334 MB

    Max Processes  :         3
    Max Threads    :        23

The output (if any) is above this job summary.



PS:

Read file <./err/SE0.err.643340> for stderr output of this job.

