Target Label: yes

Runtime for 1 loop of DE termination: --- 1231.70945096 seconds ---


Runtime for 1 loop of DE termination: --- 1518.55448413 seconds ---


Runtime for 1 loop of DE termination: --- 1386.7451539 seconds ---


Runtime for 1 loop of DE termination: --- 1511.48109293 seconds ---


Runtime for 1 loop of DE termination: --- 1459.77738023 seconds ---

[{0: [[[99, 0.7053292829231791, 0.8219976159641771], [1.0, 0], 1210.0212349891663], [[1.058147051190021, 1.2937402279062993, 1.5706899355719852, 1.5684223249942786, 1.306578381612693, 1.591107468994209, 1.8154581608456184, 1.563956027903194, 1.5905520115715714, 1.9543154109219554, 1.502713648312684, 1.1421253660047817, 1.9927009735408543, 1.304350025457321, 1.1771535964853226, 1.4493784007648378, 1.3524766983022418, 1.8392877491255342, 1.335775904718298, 1.0732571836677298, 1.0403507538004577, 1.7677018430864253, 1.5831975742611675, 1.7655594265564734, 1.044188536975134, 1.3931062711839142, 1.9461687998318968, 1.2164470295909122, 1.592385849210124, 1.6725697283249188, 1.5348459842514974, 1.1696106528628056, 1.581494933306536, 1.3143910000896062, 1.7337638388823473, 1.951239261734131, 1.3290081449655753, 1.33973120196457, 1.8312437720803951, 1.174373196447944, 1.890690055045682, 1.25779693438366, 1.295714500788224, 1.1239627056788146, 1.1140655817076777, 1.1790579082451869, 1.5041501323122515, 1.6973284109011102, 1.3423167690320335, 1.151236980616729, 1.8821853830253306, 1.1417314523020687, 1.8700880441639063, 1.086613379166612, 1.3903790051956713, 1.9470214341852814, 1.368410821216608, 1.0530605512973512, 1.0877861995642064, 1.0526631370213773, 1.8384190881348743, 1.0319963333763849, 1.8317991982567086, 1.441821546554971, 1.1185187920143753, 1.216711379103483, 1.9070146407571715, 1.2022484713807795, 1.235905118999237, 1.4263668017198956, 1.2457030984086037, 1.8407668583484011, 1.563837669995503, 1.8804921434192117, 1.580340478328242, 1.278750611273287, 1.57821632460286, 1.105046252105894, 1.3614268514186842, 1.0941719809699424, 1.9563191700681433, 1.7465299945509505, 1.8842124604095831, 1.1898372524160974, 1.0562745245991902, 1.813772012564111, 1.4007264611084476, 1.3384210203010967, 1.017416296759437, 1.359807885146598, 1.948559524577661, 1.0562746919784471, 1.8656295793474484, 1.6709439329494358, 1.8267143945984774, 1.516105304644962, 1.114814257414502, 1.736493151834198, 1.7260311400187316], [0.86601307189542476, 0], 21.688215970993042], (0.72041166380789012, 0), (0.76470588235294112, 0)], 1: [[[81, 0.7382053634924157, 0.6796333237891373], [1.0, 0], 1499.904461145401], [[1.1754613078878116, 1.6172471858263529, 1.5366679408771644, 1.0443193378866025, 1.0387362502327, 2, 1.4297685526026545, 1.9701495392643118, 2, 1.9531207540389883, 1.5178062199109474, 1.3003169656216933, 1.5983094810278713, 2, 1.326287624969738, 1, 2, 1.7711534617686464, 1.8804303124570225, 1.751487082527177, 1.8024134646955987, 1.6696406110734763, 1.7620357097275798, 1.3115122931909324, 1.1324054001081878, 1.379261813992756, 1.2762227064572034, 1.1450133764418107, 2, 1.5212165125622252, 1.5764536147810009, 1, 1.5671775699037465, 1, 1.2961437018507436, 2, 1.1721534411952188, 1.9223652163997913, 1.279475166155406, 1.1780642667886179, 2, 1.5266665533435084, 1, 1.3546425109205613, 1.748572876397736, 1.6829731339933562, 1.7138058766996456, 2, 1.5338829060148744, 2, 1.2303190751019681, 1, 1.06090008426218, 2, 1.4858025935866448, 1.8167623531158903, 1.1175819628938939, 1.4628172032818683, 1, 1.518468208324389, 1.526462461921519, 1.2893457279520715, 1.3829947637312772, 2, 1.6075362951684053, 1.1030494026408597, 1.6954623353269787, 1.3489437522768433, 1.1448529003056631, 1.714052276429985, 1.4343716932848185, 1.384973659033116, 2, 1.058849728380559, 1, 1, 2, 1.7356663370140797, 1.112489478684587, 1.3624143809244615, 1.0630728154005824], [0.80065359477124187, 0], 18.650022983551025], (0.7912457912457912, 0), (0.81395348837209314, 0)], 2: [[[88, 0.9599427930859381, 0.8371724887370376], [1.0, 0], 1364.0947759151459], [[1.517321052172274, 1.8325280424622705, 1.283041062947021, 1.462594904798391, 1.0609264320744964, 1.6937413893266635, 1.231444724165276, 1.353597434339573, 1.6980505318684678, 1.9482569954207762, 1.1092208393764644, 1.4083558187978658, 1.2150072276547985, 1.2206279102491937, 1.9845395174533444, 1.9459347284279356, 1.3428671077584509, 1.4869583831191502, 1.5346540759843916, 1.1514886193154192, 1.46181408981354, 1.8105551124536807, 1.8796071469790405, 1.6658251838616955, 1.4469031482366828, 1.962787796151456, 1.3973674991572418, 1.9306534126968864, 1.093152203138403, 1.2607021096967732, 1.7961251034579504, 1.973976068231118, 1.2181918736658304, 1.1748120288150425, 1.896908435303379, 1.546870442756567, 1.9840710759755658, 1.7873367878761235, 1.2013938389205168, 1.6921833623822313, 1.3062805302407412, 1.5327092079701106, 1.9154297285857058, 1.223562729957512, 1.5602745893119931, 1.61060143713933, 1.4755217983775848, 1.5849410968543012, 1.1175707522883365, 1.3013022691933642, 1.6022023041957048, 1.1790099782532346, 1.7128798572197093, 1.1474224165304614, 1.6233072848308223, 1.1212905341123915, 1.0211204271872685, 1.9988770538271243, 1.2408059495293982, 1.3966944402995654, 1.7922234654784959, 1.325422583158824, 1.3262085497592606, 1.8091623404728832, 1.0911831613565965, 1.9815269309906496, 1.1537730410800693, 1.9784363622156729, 1.137380884239585, 1.8838988156778012, 1.4684146447760567, 1.4525632980364969, 1.5532002291324216, 1.4013046690791158, 1.7894465721065174, 1.1708812959177393, 1.753159806806868, 1.7436603817455358, 1.0725603252009295, 1.8928743936672792, 1.061200715615199, 1.3909211504559373, 1.370082634588182, 1.799782015262916, 1.1888011310203377, 1.7639839335329577, 1.6006209925769652, 1.2083399994687647], [0.85483870967741926, 0], 22.650377988815308], (0.64572425828970337, 0), (0.7445008460236886, 0)], 3: [[[149, 0.45030823904198525, 0.962767151501604], [1.0, 0], 1479.9545209407806], [[1.1094086453689584, 1.9074947802568805, 1.5047873834260737, 1.8361310619049163, 1.705131503072713, 1.1650144328436496, 1.8172737837046347, 1.6310478073287715, 1.4647214709370373, 1.9282286122154249, 1.525114824261529, 1.425625695442763, 1.43383110034489, 1.4813445155925942, 1.91343432656593, 1.6537048883145424, 1.9630381345481758, 1.5638703942827925, 1.5725672002150324, 1.5248920484066335, 1.7427053645230526, 1.1127015097014508, 1.0620139028497735, 1.342457262025555, 1.1201372569596733, 1.413221426409622, 1.8163536137203797, 1.9175381186601896, 1.89359655134375, 1.985198905202627, 1.0597851183349223, 1.8581329932406572, 1.5002231139230435, 1.2209827025717566, 1.4318932346001378, 1.7432996468240378, 1.6400355420450001, 1.586903234957799, 1.9335672443297396, 1.7235900833868807, 1.618613287083733, 1.0531148329424367, 1.360763553046095, 1.6347225037442359, 1.9935015848782744, 1.5391493687389903, 1.8845713710542982, 1.9311702262411299, 1.1886439748963524, 1.0305593179628487, 1.000900107434968, 1.814055516202981, 1.5622206664587819, 1.574637430184321, 1.75369706908134, 1.8559218190821212, 1.4013740632345666, 1.5287626070843872, 1.3916842070769397, 1.0708363525307485, 1.5954306446807327, 1.1476020598708119, 1.3406659583673923, 1.3720074178835164, 1.3020188091642044, 1.6146362661874933, 1.1041125593283057, 1.7624626295578465, 1.6882752685335658, 1.5443841281727995, 1.2369863802544876, 1.885492008212499, 1.086065737090359, 1.3823579492846303, 1.7295939564688123, 1.7304626313822693, 1.0749793266611227, 1.9161938897312445, 1.2474788073461318, 1.40928491331201, 1.1236913198211638, 1.0490062708969423, 1.8367651473262967, 1.0611188012604784, 1.2892437222521878, 1.104043504865012, 1.037959317351206, 1.7145732032587995, 1.382017884632941, 1.8034000848649372, 1.5568017884449379, 1.9379364546474465, 1.6533991206422125, 1.8390973203034147, 1.7924361665705049, 1.705850138088879, 1.1256075716170084, 1.2157406215249833, 1.1530602987384255, 1.3636639843154734, 1.1883885382755741, 1.7449896182290479, 1.1970741377570635, 1.947281473203383, 1.2126410596846262, 1.4928025662868039, 1.6886085323739697, 1.6774952151916138, 1.1362536373811483, 1.2682884092446916, 1.5202540098009631, 1.53337949915596, 1.4518897165017615, 1.7165932219929472, 1.120034440153431, 1.7715760341697426, 1.5228461772169926, 1.054578709179772, 1.144530648235851, 1.6706814498339817, 1.3690780675478509, 1.6999789291898237, 1.2917457897155395, 1.149091837558233, 1.452385592848115, 1.772087647835797, 1.0609141555967192, 1.257392314317595, 1.2810948315530593, 1.1673476526488495, 1.6632572206520995, 1.77029346758147, 1.5899568658870131, 1.2018264976960993, 1.8748070553391754, 1.3496851459658281, 1.1772770387910318, 1.041146148989493, 1.668001639219555, 1.663772972847263, 1.6835637429486798, 1.676026200647589, 1.5375614487397578, 1.7465568419943744, 1.5871979642646958, 1.498322594836482, 1.1174986228467934, 1.980273578264032, 1.7826322753232813], [0.85139318885448911, 0], 31.52657198905945], (0.74829931972789121, 0), (0.77795786061588323, 0)], 4: [[[72, 0.34005282638370027, 0.9951916409465119], [1.0, 0], 1451.4925830364227], [[1.2987845825552506, 1.770941111050198, 1.2258102821718397, 1.4317536341952508, 1.9331828233663817, 1.88322263872606, 1.5188284226480984, 1.0681976871807095, 1.4523991006174313, 1.9040262173678268, 1.3608978448557232, 1.8266292579977113, 1.751497853720385, 1.7350896574070513, 1.6539257634390303, 1.223020862498812, 1.5575650932390592, 1.8419631741838907, 1.3926027881308176, 1.3642179761485385, 1.5665118124458868, 1.154538450278692, 1.1256056262313079, 1.5961416756654838, 1.1450962295871816, 1.1116378246664111, 1.1495505027122148, 1.7055568251848392, 1.7318214847360942, 1.6344869773000017, 1.4436792928980506, 1.456836002764717, 1.3344124914601125, 1.0515098204660784, 1.8654409000157366, 1.2880526740365972, 1.0427874246636173, 1.2923025510356057, 1.4575534158482246, 1.7090713452075226, 1.649124084438282, 1.683182080225733, 1.506886365669343, 1.1074194659929293, 1.1493408749322391, 1.9975610935474248, 1.7278181142331912, 1.147999612521763, 1.6000175484400831, 1.6579843397160523, 1.4511367685192225, 1.6094854690616445, 1.3019918900512168, 1.1641744728512604, 1.4978101065321163, 1.4658697776349037, 1.8460247158049095, 1.3428618273382176, 1.0361900291473256, 1.3692718551022556, 1.0577933632614642, 1.1696702258816, 1.1914670106330183, 1.284685606738492, 1.3659461073802381, 1.116593712317434, 1.6275227783000243, 1.7326850511306278, 1.2917494887559489, 1.618048142340575, 1.4906781235909907, 1.9944469781197367], [0.92833876221498357, 0], 8.284797191619873], (0.8606557377049181, 0), (0.85784313725490202, 0)]}, [(0.72041166380789012, 0), (0.7912457912457912, 0), (0.64572425828970337, 0), (0.74829931972789121, 0), (0.8606557377049181, 0)], [(0.76470588235294112, 0), (0.81395348837209314, 0), (0.7445008460236886, 0), (0.77795786061588323, 0), (0.85784313725490202, 0)], 7108.378742933273]

Total Runtime: --- 7108.37934399 seconds ---


------------------------------------------------------------
Sender: LSF System <lsfadmin@n2g2-10>
Subject: Job 628068: </share2/aagrawa8/miniconda2/bin/python2.7 DE_topics.py _topics SE0> Done

Job </share2/aagrawa8/miniconda2/bin/python2.7 DE_topics.py _topics SE0> was submitted from host <login03.hpc.ncsu.edu> by user <aagrawa8> in cluster <henry2>.
Job was executed on host(s) <8*n2g2-10>, in queue <shared_memory>, as user <aagrawa8> in cluster <henry2>.
</home/aagrawa8> was used as the home directory.
</home/aagrawa8/topics_de> was used as the working directory.
Started at Tue Nov 15 17:33:11 2016
Results reported at Tue Nov 15 19:31:40 2016

Your job looked like:

------------------------------------------------------------
# LSBATCH: User input
/share2/aagrawa8/miniconda2/bin/python2.7 DE_topics.py _topics SE0
------------------------------------------------------------

Successfully completed.

Resource usage summary:

    CPU time   :   7109.57 sec.
    Max Memory :       209 MB
    Max Swap   :      1358 MB

    Max Processes  :         3
    Max Threads    :        23

The output (if any) is above this job summary.



PS:

Read file <./err/SE0.err.628068> for stderr output of this job.

