Target Label: yes

Runtime for 1 loop of DE termination: --- 783.757392168 seconds ---


Runtime for 1 loop of DE termination: --- 941.130513191 seconds ---


Runtime for 1 loop of DE termination: --- 854.569746017 seconds ---


Runtime for 1 loop of DE termination: --- 848.021101952 seconds ---


Runtime for 1 loop of DE termination: --- 884.939084291 seconds ---

[{0: [[[85, 0.4257506912776562, 0.9232649127549207], [1.0, 0], 764.9134981632233], [[1.083523373708295, 2.3698662477834174, 1.335908342706952, 2.3959469713642836, 1.8177427750817357, 2.233819034089394, 2.795495602728998, 1.4115353672135746, 1.6427632119240545, 2.9523170471606615, 2.0375474403462137, 1.591081566918034, 2.2894821652061066, 1.7425647479523654, 1.1851089659935814, 1.3176541971480482, 1.1781721204690447, 2.4232461157727174, 1.9778738185154259, 2.6868550885649056, 1.2338997034699468, 1.3193109428186898, 2.0526280418558978, 2.143852135104019, 2.088680007082384, 2.3518120129295577, 1.1864878961237606, 1.2232279048697958, 2.312066460262306, 1.7366509189006685, 2.2716528637668345, 2.6692829036648744, 1.5271614508548934, 2.8250051194004353, 2.4387869209159345, 2.079857151117765, 2.6671047517149296, 1.1852762631166642, 1.3385463134358608, 2.284239366740498, 2.68451891635202, 1.7250390635510109, 1.0818031749437151, 1.8987353507530915, 1.029541818861465, 1.3063044779154216, 1.5235334179167188, 1.5497260772979682, 1.81472353255834, 2.033158361389822, 1.0869287616028571, 1.3558204517997796, 1.1331475071266701, 1.3299358039060605, 2.1374187979385098, 1.8810841397946945, 2.217402419134826, 1.1828957932694149, 2.005927626080066, 1.5303363116868853, 2.628051820386844, 2.89923265997169, 1.447862204592272, 2.7385704635658517, 1.333724169514101, 1.9282184752512674, 2.35434283685138, 2.9783315998272952, 2.139483438193058, 1.8656525997295743, 1.0285933902443891, 1.909724241442628, 1.2685504030009314, 2.1104421592299865, 2.3732346653987237, 1.6762290437987966, 2.7686596465761326, 1.0886422885450189, 1.600762150107797, 2.3590458356449386, 2.454545385680527, 1.5976247153056906, 1.4663473494080264, 1.8163580150031629, 2.4405544423431262], [0.87378640776699035, 0], 18.843894004821777], (0.85315832649712875, 0), (0.85089141004862234, 0)], 1: [[[100, 0.8799262454822363, 0.7922647818752074], [1.0, 0], 901.2417180538177], [[2.4551088506960927, 1.2209746974817222, 2.4310653683916748, 2.2902638209833723, 2.9543493608079396, 1.0846054347328395, 1.8040657681521235, 2.948216775394207, 2.9049231746586983, 2.454558794746648, 1.948816456958016, 2.405928484255865, 1.9260891890032912, 2.331309994719879, 2.623358378720922, 2.1837857973872654, 2.800875836962846, 1.2576439748658277, 2.3390161542203534, 1.2439081254595001, 1.9552510483369085, 2.3944279836738533, 1.9441340618350675, 1.2998188703178977, 1.2204378010731516, 1.460415662187591, 1.1361410960384823, 1.4898581463408447, 1.4486771394664777, 2.621001397175644, 2.2152116424193444, 1.4557636812304517, 2.634874924144797, 2.9863702021739353, 2.2514424032782268, 2.8070918788416552, 1.0376784456548371, 2.3271067071629545, 1.9606511741055952, 1.5454076514157988, 2.1466935595294236, 2.1576614683050463, 2.3959258295517403, 1.6746852799099794, 1.8391816723376986, 1.227895899297275, 1.4260202210391246, 2.222535742520119, 1.1808207490261853, 2.251529753268541, 2.0314409912446383, 2.82667729136818, 2.980369864897099, 1.3756661895003706, 2.7953635984587586, 1.155139371026696, 1.5740277789462667, 1.649215351273531, 2.7111397497694822, 1.52076140426303, 2.2459011002009914, 2.238526175837749, 2.3092785345308107, 2.3615051207063043, 1.4273861911292876, 1.61509772415503, 1.5239362706455015, 1.4393440729085272, 1.8585824108233882, 1.6755940089449821, 1.7460642504600978, 1.8164872087746657, 1.4744263674968925, 2.803529523498064, 2.7501364686814203, 2.8327154788014193, 1.9380163405079969, 1.061963734021519, 2.716193339704592, 2.169599050195103, 2.6514091636635495, 1.2514137435202988, 2.814290589610187, 1.4096425221764122, 1.7337899605446554, 2.0804941075418015, 2.8056305006333027, 1.5176372193144663, 2.993557160527221, 1.6563619041417923, 2.7774119900291807, 1.1222911360542096, 1.2709893402851458, 2.0744049533422446, 2.610353067977555, 2.565708264813338, 2.2142847675208066, 2.3105009585011462, 2.2365304681610962, 1.4233110722933375], [0.87947882736156358, 0], 39.888795137405396], (0.63755458515283847, 0), (0.83724569640062585, 0)], 2: [[[79, 0.5941217242502549, 0.6347537690639463], [1.0, 0], 832.3641409873962], [[2.934820346993689, 2.262858475318169, 2.874353133952793, 1.467231412168723, 1.6285575676021995, 1.273765935425321, 2.063879218875522, 1.477152692210219, 1.909570742835633, 2.0461894037915496, 2.9686234378307743, 2.112206110307743, 1.438221238642774, 2.032019552155096, 1.161463752751297, 2.669089989349315, 2.3296043096500867, 1.3564396162481556, 1.8849551712645447, 2.812689390582295, 1.9135855700949105, 1.092474607800296, 2.330092728326453, 1.3900547148596352, 2.1045390333739853, 1.107632639932227, 1.9252379839706906, 1.8447318646661206, 1.5051912905374036, 2.7608850418586544, 2.295011682169126, 1.7330827453162392, 2.474378826178985, 2.0088874597467337, 1.075011851225291, 2.97556404507519, 1.1683400477381014, 1.7665358959687105, 1.0795245279924153, 2.431832917098077, 1.0066169464245924, 2.0828352494600395, 1.496294923860815, 1.2841372646368723, 2.8409369216922142, 2.0259888534614987, 2.8199529326876456, 1.3879043620660922, 1.2151419292313113, 1.3416175253879044, 1.408047580874954, 2.2601788983439786, 1.2615074657887975, 1.889452516059522, 1.5144951743091473, 2.472328730634781, 1.7562995110022503, 2.009129109414963, 1.356775020802118, 2.974077586095322, 2.1399128615112444, 1.7188326074658622, 2.428189077830466, 2.6137021458174257, 2.5796863259741185, 2.3763187799185337, 2.9944260930894293, 1.8725777945063395, 2.3757291019143163, 2.314841115722577, 1.9058601110776787, 1.414729705774509, 1.1199053090101279, 2.217184014229451, 1.7946648983160092, 1.6148002662923073, 1.0940116347149786, 2.2068578502121747, 1.4323196805993095], [0.88328075709779186, 0], 22.205605030059814], (0.81103678929765899, 0), (0.86956521739130432, 0)], 3: [[[77, 0.7271601680479794, 0.9436654195460654], [1.0, 0], 825.9942200183868], [[2.5888049450374933, 2.8626315497658155, 2.753351095093106, 2.790618365514876, 1.5999833889338686, 1.5154047583412467, 1.6730197048833277, 1.67519306400987, 2.1938909313240504, 2.6558040099744873, 2.681370551826954, 2.4765354759741873, 1.5120159975527494, 2.4895765476816734, 1.711820388324279, 2.3962855069736304, 1.319638418034791, 1.405903557147636, 2.4997333023161192, 1.084977710244597, 1.0673673752161335, 1.5507147024677481, 2.540474389835972, 2.506123971640721, 2.290349308093778, 1.2264564575101695, 2.9119454615480977, 2.096967492462637, 2.6227213471193602, 2.1894716735197575, 2.495529798984078, 1.6904037109290255, 2.4064704261528407, 1.7917208388959467, 1.6903690718077202, 1.1020129092005466, 2.482706360037133, 1.2696622214352875, 1.9958874440978494, 1.6905806955117761, 1.0172560773340853, 2.454660598048466, 2.504276613918633, 2.3240219095800283, 1.7115758672561414, 1.4474692562521299, 2.2380717443590523, 1.1338865846861534, 1.310844928724602, 1.6129970547445245, 1.5363405823112348, 1.6183676740567057, 1.8637123377933005, 2.830773661243865, 1.4589583266373538, 2.8713368105421626, 1.1087172072906404, 2.9044111929972973, 1.5528746510905076, 2.710972356474408, 2.355716829524906, 2.870874261008929, 2.44392924571248, 2.217204537734534, 1.6258718404085202, 1.5939681419814533, 2.352148995277731, 2.921946106274997, 1.9055865703771528, 2.7147759557598223, 1.2133321853382277, 2.8933276779393613, 2.1749638445480977, 2.6353874203492067, 1.5111694298407745, 2.8107041973159186, 2.569894400897261], [0.87947882736156358, 0], 22.02688193321228], (0.75085324232081918, 0), (0.85621970920840074, 0)], 4: [[[84, 0.39202293028493607, 0.4792606185514304], [0.75, 0], 863.4527251720428], [[1.987865024063594, 1.9792660823536121, 1.1624004781368347, 1.9846116506725826, 1.5247622492821815, 2.3258317877383377, 1.4075322364942253, 2.4189093478402452, 2.462978313706018, 1.4711903156042299, 1.8279386130346023, 2.3148753677848353, 1.7790290509305107, 1.5235869004395666, 1.7193865031570892, 1.2920824606484924, 1.993380523089089, 1.1019489583930246, 1, 1.3482117014505042, 2.00004838487598, 1.4873325973411284, 1.7451981478186323, 2.3617111779376394, 3, 1.59300364022962, 2.2064885705940833, 1.0410948377333742, 1, 1.923190618268579, 1.4784843868281081, 1.1025788482480072, 2.0251174626675077, 1, 1, 1, 3, 2.820737755375501, 3, 2.199982322860281, 1, 1.5006563992949689, 2.371689345191785, 1, 1, 2.3562026982061153, 1.486569831496908, 1.547139840201401, 3, 1.639941249561234, 1.9800225266887286, 1.704607927563336, 1.003462202804201, 1.8249194661217376, 2.9580221454560425, 1.6045576249011224, 1.6562390974675532, 1, 1.8873909830377347, 1.688622309314826, 2.1260344422845936, 2.165283632764145, 1.7878934694469149, 2.8866194967570684, 1, 2.506573313259045, 2.8425066925771576, 2.143438258671267, 1.738337564826269, 3, 2.286762147749026, 1.0207837185001136, 1, 2.1262952976080647, 1.0649445018264012, 1, 2.543436621922763, 2.7200825990990083, 1.4768862656275612, 1.581320298408481, 2.6126697771499017, 1.2262240387959857, 1.8069435941211516, 1.6627343212861265], [0.92063492063492069, 0], 21.486359119415283], (0.85123966942148765, 0), (0.86709886547811998, 0)]}, [(0.85315832649712875, 0), (0.63755458515283847, 0), (0.81103678929765899, 0), (0.75085324232081918, 0), (0.85123966942148765, 0)], [(0.85089141004862234, 0), (0.83724569640062585, 0), (0.86956521739130432, 0), (0.85621970920840074, 0), (0.86709886547811998, 0)], 4312.51087808609]

Total Runtime: --- 4312.51134396 seconds ---


------------------------------------------------------------
Sender: LSF System <lsfadmin@n2g2-10>
Subject: Job 649469: </share2/aagrawa8/miniconda2/bin/python2.7 DE_topics.py _topics SE0> Done

Job </share2/aagrawa8/miniconda2/bin/python2.7 DE_topics.py _topics SE0> was submitted from host <login02.hpc.ncsu.edu> by user <aagrawa8> in cluster <henry2>.
Job was executed on host(s) <8*n2g2-10>, in queue <shared_memory>, as user <aagrawa8> in cluster <henry2>.
</home/aagrawa8> was used as the home directory.
</home/aagrawa8/topics_de> was used as the working directory.
Started at Tue Nov 22 17:59:02 2016
Results reported at Tue Nov 22 19:10:56 2016

Your job looked like:

------------------------------------------------------------
# LSBATCH: User input
/share2/aagrawa8/miniconda2/bin/python2.7 DE_topics.py _topics SE0
------------------------------------------------------------

Successfully completed.

Resource usage summary:

    CPU time   :   4314.66 sec.
    Max Memory :       201 MB
    Max Swap   :      1346 MB

    Max Processes  :         3
    Max Threads    :        23

The output (if any) is above this job summary.



PS:

Read file <./err/SE0.err.649469> for stderr output of this job.

