Target Label: yes

Runtime for 1 loop of DE termination: --- 9224.81953907 seconds ---


Runtime for 1 loop of DE termination: --- 8005.86194491 seconds ---


Runtime for 1 loop of DE termination: --- 9450.76975894 seconds ---


Runtime for 1 loop of DE termination: --- 7486.25595093 seconds ---


Runtime for 1 loop of DE termination: --- 9234.48243213 seconds ---

[{0: [[[113.4, 0.5603772633787686, 1], [1.0, 0], 8733.438888072968], [[1.6335916425599393, 1.573230659341138, 1.3328502099612316, 1.346207780813337, 1.902081895349904, 1.6018861031040597, 1.5265060342671395, 1.832786240059204, 2, 1, 1.215632746971237, 2, 1.041775411910444, 1, 1.8493164648218967, 1.8210208391983238, 1.738448576872713, 1.1006319544793608, 1.1690578614252078, 1, 1, 1.5524761868020687, 1.9083290867834937, 1.3879866189041585, 1.4497842109937167, 1.8087349409582556, 1.9625590166694447, 1.4800737279842715, 1.9735208738380692, 1.5521919883415993, 1.0699960441793943, 1.3142802028551503, 1.653196399014996, 1.3123136532785058, 1, 1.8243666675296617, 1.722224631075008, 2, 2, 1.8442910927048939, 1.3732968175412914, 1.8981503103066277, 2, 1.749683464577144, 1.437037706361373, 1.6839071917049593, 1.1568866804666487, 2, 2, 1.2062437922993017, 1.4738428926397118, 1.6151383109730615, 1.5888175956442951, 1.6862333016444846, 1.1113334449732886, 1.3591763001300814, 1.1375078238139615, 1.6133137604993821, 1.186213035975339, 2, 1.418814669272946, 1.7402863810062499, 1, 2, 2, 1.4955125500153168, 1.4498808494909945, 1.922140832532468, 1.7667892596769055, 1.6796312056477434, 1, 1.6886731344127361, 1.4125857655930294, 1.8835554182374539, 1.4686273616515664, 1.370311102142483, 1.3972389814701518, 1.5746690915611723, 1.0610133432408635, 1.3810570846562964, 1.5410270727062034, 1.2067489615092746, 1.2086640058403417, 1.6350838327379427, 2, 1.1380143683663593, 1.8687124368471786, 1, 1.497404371241804, 1.5720466006986675, 1.995483301204249, 1.180155392270096, 1.097624834864972, 1.8392460458593658, 1.6032660524606344, 1.1897720338464466, 1.386279684158883, 1.5101541783923533, 1.3926356552786145, 1.4099861027946292, 1, 1, 1.8184453573234263, 1.6705559305082114, 1.1240282581932082, 1.6268236908504912, 1.802621675369271, 1, 1.6916230966003063, 1.6389714718199144, 1.8351466329506432, 1.1333303809705209, 1.5256734843659046], [0.87622149837133545, 0], 491.38065099716187], (0.84998362266622984, 0), (0.85906701708278577, 0)], 1: [[[75, 0.5128743111709022, 0.9523685802071286], [1.0, 0], 7792.296272993088], [[1.289413125917697, 1.235283088827891, 1.517901002401346, 1.0889256850188584, 1.871147515425357, 2, 2, 1, 1.2108393141492437, 1.0752318704807933, 1.6652656444898337, 2, 1.7685276800889915, 1, 2, 1.774725891550649, 1.162548430906686, 2, 1.2172055329344713, 1.396753383143472, 1.4611832360611747, 2, 2, 1.1105579702477308, 1.3642290554137968, 1.6546885711447457, 1.5235834142033533, 1.3885435531574009, 1.669783069671038, 1.756466221910755, 1.4435845655625048, 1.725160644427488, 1, 1.0553443606914816, 1.00237179237749, 1, 2, 1.387552097423463, 1.82902051368757, 1.841899894599052, 1.809811689302249, 1.045899495308011, 1.5008631523333826, 1, 1, 1.5338479919332717, 2, 1.3058328905439183, 1.6203729278596, 1, 1.5241181322086568, 1, 1.5317837348351757, 2, 1, 2, 1.7955768317155505, 1.4740598719342906, 1.5437417467357422, 1.8469517639985722, 1.506260075417206, 1.9207376724785512, 1.9392841616923242, 2, 1, 1, 1.9355286465305666, 1.652211801951465, 1.5262219819366232, 1.20130693132674, 1.9882061695108983, 1, 2, 1.837306013428701, 1], [0.87863463969658662, 0], 213.56567192077637], (0.87710765239948096, 0), (0.8717370286819206, 0)], 2: [[[123, 0.7137852323518227, 0.9795231552229026], [1.0, 0], 8801.282590866089], [[1.6787387826687907, 1.8436746582533876, 1.2346364394221954, 1.5809353082515236, 1.6379242245933243, 1.3795026319564752, 1.2227938876549334, 1.2618838177998648, 1.5967462528246945, 1.0557498472933515, 1.0813626195140937, 1.7114022189398184, 1.2228043666377157, 1.8507554994533568, 1.0007556562202333, 1.9854248106330958, 1.6228662299854837, 1.1682587070360873, 1.2344630683140512, 1.0835933622282938, 1.5742564103700283, 1.1423123001515827, 1.6074569786535189, 1.014690083629299, 1.5606046338713353, 1.6147924009539523, 1.1143226508904984, 1.8531745760923997, 1.3574414533647436, 1.6889558004716987, 1.5077976145273673, 1.6697194549530598, 1.0649372552221053, 1.213061870268554, 1.933739611109235, 1.6559506628139538, 1.251388781170736, 1.844664191025752, 1.072504578785287, 1.4854481779771032, 1.5197387063151484, 1.0531809850172988, 1.7191953020925443, 1.895685806587709, 1.0880688331353974, 1.3902244239929278, 1.4855207947438895, 1.1976156155216708, 1.7424957438704682, 1.2044834851258583, 1.906431586899028, 1.3407868711255566, 1.272988598088289, 1.0070657669995793, 1.1829495071970628, 1.5428020389656731, 1.8530627140779012, 1.9026052836903466, 1.9110983729323032, 1.1768730941581969, 1.9358183955635726, 1.363909072326258, 1.0306261261001701, 1.9762616786351135, 1.0786660713519254, 1.8543893542872394, 1.9092278914547847, 1.7906190789107694, 1.748777165842763, 1.213620144655946, 1.0954732920442658, 1.4031320074975107, 1.9544334193759794, 1.0119077700916002, 1.2720841062982324, 1.1920655033753094, 1.824533051488407, 1.4199266165321192, 1.890792674476124, 1.7122830836978187, 1.159048064848595, 1.1622191544623013, 1.3360343483370771, 1.2177272040076934, 1.3392330746304992, 1.881695149515147, 1.740890819746809, 1.5479046719251444, 1.4005069274830475, 1.684733615164474, 1.3382056457613576, 1.7101699994608794, 1.4640482018318026, 1.640184854332508, 1.847199193407696, 1.7857776600697743, 1.79089575780688, 1.3240612719270624, 1.4566140359448227, 1.97498356672235, 1.7931216104070509, 1.7779354432582024, 1.7838431585722911, 1.4753891520068805, 1.3271246169416977, 1.8516952229792254, 1.9880083611322714, 1.0908829225876508, 1.7313916713983186, 1.229513279218288, 1.6845347360785397, 1.486871096007671, 1.4620172264568312, 1.4772485795544703, 1.4339541569388587, 1.1878802220682914, 1.022230105245241, 1.2692103079837191, 1.4938432360287792, 1.53268843296465, 1.3797184664778812, 1.426066646777349, 1.937598740949832], [0.85155732273028495, 0], 649.4871680736542], (0.8421052631578948, 0), (0.8463100880162493, 0)], 3: [[[83.6, 0.6401429666131914, 1], [1.0, 0], 7209.862597942352], [[1.6687914109543736, 1.7068001588203907, 1.5237075743296784, 2, 1.8484767383902891, 1.6999943716124921, 1.0356121239235767, 2, 2, 2, 2, 1.9201967990095574, 2, 1.825819576704728, 1, 1.285908630665301, 1.5832501076223682, 1.9500858861123276, 1.1334197474174248, 1.2661556505769274, 1.2176131768637872, 1.1840639204266283, 1.8366033103057933, 2, 1.4042121594096042, 2, 1.8573983650724082, 1.1799392718191382, 1.0089858298856798, 1.0271670639439314, 1.436699235796133, 1.4768624539497743, 1.4672185560830635, 1.7362583096518025, 2, 1.2338916641327515, 2, 1, 1.3944637638146513, 1.1852908903558637, 1.6677549954801587, 1.3728891323136971, 2, 1.875430255914997, 1.6737027452756392, 1.062562398670722, 2, 1.490010873491494, 1.473976225753635, 1.0985249148090008, 1.0872848830822635, 2, 1.3626619073858366, 2, 1.8330715666537354, 1.6284199634535494, 2, 1.2201126087862342, 1.6931090559330657, 1.030743592149691, 1.3426167595513947, 2, 1.2222410444195781, 2, 1.0335807821226886, 1, 1.9443897693833252, 1.8927522164472295, 1.4796923372820943, 1.1028849302507837, 1.6033273841082898, 1.2627557505125646, 2, 1.8423341176870969, 1.1102510339067517, 1.1795624870041224, 1.640583641185789, 1.7642956634785756, 1.6816228974434664, 1.15917895925584, 1.5325405657309785, 1.2369671982532553, 1.2908100665240787], [0.84724005134788183, 0], 276.3933529853821], (0.85591539986781218, 0), (0.86258278145695366, 0)], 4: [[[128, 0.8174263304107595, 0.9395841327235518], [1.0, 0], 8459.624624967575], [[1.3031086406790355, 1.2162797944693287, 1.96703329464447, 1.330645196277625, 1.2876994580370762, 1.7174438213239835, 1.386935121434124, 1.9027648491749378, 1.298719129995341, 1.3117765715602858, 1.0291260463870313, 1.7588551462136668, 1.781542800529241, 1.4344833319018186, 1.5585241836881263, 1.098351056056092, 1.6828935165606684, 1.1213335675808498, 1.1906316830144898, 1.3568939470713983, 1.323070680495119, 1.603954850818506, 1.314328325129286, 1.9564834437996366, 1.7364119324490406, 1.3159918721242452, 1.2431587147228385, 1.6371748949578016, 1.9157585753112532, 1.5243212578902718, 1.955570464100695, 1.6434820291092778, 1.9476844804979607, 1.7500599915978667, 1.7904401473674638, 1.3174366915194193, 1.5531608923049554, 1.6383142968866604, 1.1760197144670896, 1.4801357853226478, 1.55746161814886, 1.7785112051888508, 1.687044973341806, 1.5199214635177085, 1.3673668417879756, 1.5992938480892689, 1.5460317169323778, 1.563243757182307, 1.3050018493377893, 1.576360917624278, 1.3537393097545039, 1.952040659715455, 1.384365954251086, 1.3938646578964269, 1.4414513910629654, 1.0997212883273677, 1.0363239239953788, 1.1254966092374805, 1.4437819983668518, 1.0260208174347607, 1.3685596366258765, 1.1420415894164826, 1.2379852970972416, 1.40510894681871, 1.0882556275217754, 1.4140792748344273, 1.4564616970580215, 1.4978219209813077, 1.0607161861013172, 1.817784162680789, 1.586239723815237, 1.4654291613363557, 1.0610553378248546, 1.8895770650128707, 1.4720348064394204, 1.863727223143792, 1.8622314081525606, 1.4128718446963249, 1.174587034261821, 1.9766456811339554, 1.4447052535627745, 1.9625449237409511, 1.699830546150511, 1.5710097948968549, 1.5686775972316722, 1.563629352630876, 1.9653995914901352, 1.3301045961129612, 1.1733223737615268, 1.5252164285092658, 1.8792590428273777, 1.8248030220455302, 1.762653963396222, 1.975228872297075, 1.2495528917440502, 1.8242024450700862, 1.3455223664623799, 1.7951798358248998, 1.3539161475550994, 1.9343455113134593, 1.2296763360646237, 1.7518034851477464, 1.7964806358302325, 1.2953318911846539, 1.319221955529191, 1.6372107073768545, 1.2836436195835934, 1.1317301387034275, 1.4294990734770985, 1.7225913977750136, 1.911027197006932, 1.9143236938517552, 1.3436929139160454, 1.1939043636058786, 1.5358225158613863, 1.122921091775107, 1.9467808490724217, 1.8902019700803578, 1.187103212175713, 1.4095532589242592, 1.7123014786409732, 1.8982570128251743, 1.9720177543898298, 1.9189668964573396, 1.962120931907739, 1.8433221677325433, 1.1813931309828605, 1.7290683229017054], [0.85261070720422993, 0], 774.8578071594238], (0.82799325463743678, 0), (0.83753784056508584, 0)]}, [(0.84998362266622984, 0), (0.87710765239948096, 0), (0.8421052631578948, 0), (0.85591539986781218, 0), (0.82799325463743678, 0)], [(0.85906701708278577, 0), (0.8717370286819206, 0), (0.8463100880162493, 0), (0.86258278145695366, 0), (0.83753784056508584, 0)], 43402.82254195213]

Total Runtime: --- 43402.8230669 seconds ---


------------------------------------------------------------
Sender: LSF System <lsfadmin@n2g2-9>
Subject: Job 628069: </share2/aagrawa8/miniconda2/bin/python2.7 DE_topics.py _topics SE1> Done

Job </share2/aagrawa8/miniconda2/bin/python2.7 DE_topics.py _topics SE1> was submitted from host <login03.hpc.ncsu.edu> by user <aagrawa8> in cluster <henry2>.
Job was executed on host(s) <8*n2g2-9>, in queue <shared_memory>, as user <aagrawa8> in cluster <henry2>.
</home/aagrawa8> was used as the home directory.
</home/aagrawa8/topics_de> was used as the working directory.
Started at Tue Nov 15 18:14:38 2016
Results reported at Wed Nov 16 06:18:01 2016

Your job looked like:

------------------------------------------------------------
# LSBATCH: User input
/share2/aagrawa8/miniconda2/bin/python2.7 DE_topics.py _topics SE1
------------------------------------------------------------

Successfully completed.

Resource usage summary:

    CPU time   :  43406.38 sec.
    Max Memory :      1480 MB
    Max Swap   :      2628 MB

    Max Processes  :         3
    Max Threads    :        23

The output (if any) is above this job summary.



PS:

Read file <./err/SE1.err.628069> for stderr output of this job.

