Target Label: yes

Runtime for 1 loop of DE termination: --- 11240.5456719 seconds ---


Runtime for 1 loop of DE termination: --- 12159.5850339 seconds ---


Runtime for 1 loop of DE termination: --- 10290.344692 seconds ---


Runtime for 1 loop of DE termination: --- 13231.399817 seconds ---


Runtime for 1 loop of DE termination: --- 12957.817235 seconds ---

[{0: [[[57, 0.7937089018390153, 0.7926048383328966], [0.5, 0], 9081.220072984695], [[1.0028302011618588, 1.80352385799471, 2.4144082244162286, 2.8355345823207774, 1, 2.8926988935076117, 1.6856603240374293, 1.4104191831455453, 3, 1.8115498743236327, 1.355338336222338, 1.0179347958588443, 2.027450281844693, 2.3397697930231636, 1, 1, 2.079960336284347, 1.897042444743864, 3, 1.4455658035850167, 1.519844554179302, 1, 1, 2.164016890815223, 1, 1.0797146844446606, 2.9078225021788895, 1, 1.811093142435016, 2.545653025104516, 3, 2.5687627208134964, 1.4810882173587792, 1.4593410851300068, 2.5561819205978784, 1.5745406010442486, 2.138785121749395, 2.2654155250306305, 1.5562051242263952, 1, 1.4909912004948427, 2.815568389423432, 1.9704320934814037, 1.485113510729685, 2.8013715817852547, 3, 1.2174820137507618, 2.5263899810142787, 1.9616976319277808, 1.386744576200016, 1.9278964381067387, 1.1929226319251465, 1, 2.4421517635775936, 1, 2.9871614363617267, 1.011729150339258], [0.45418641390205372, 0], 2159.3255989551544], (0.46684118673647473, 0), (0.4049733570159858, 0)], 1: [[[86, 0.2732692561524327, 0.8667308594637845], [0.5, 0], 10000.964132070541], [[1.2755825150789821, 2.3137323332371382, 1.7319700917851666, 1.8202512713349783, 3, 3, 3, 1.1468248407396948, 3, 2.700741393757199, 2.4274196729930733, 3, 1.4333395901335098, 1, 1.6355594288689268, 1.5235557557090886, 1.841182761285321, 1.6585249269861968, 1.530510431515151, 2.594642686650099, 3, 2.0642778222927047, 1, 2.2652095927798106, 2.3584672332979175, 1, 1.0299627891089569, 3, 2.152118736594922, 1.2536907662670278, 1.0653084447938128, 1.5386072846213386, 2.397165061636482, 2.1048929977909374, 1.793011052623772, 2.036911356101137, 1.920679279653034, 2.6380943159235617, 2.443898974261983, 3, 3, 1.9186855444301565, 1.955046057499911, 1.219567937718313, 1, 1, 2.389986013060624, 1.7521121367546033, 2.344949585078014, 1.8089024694976934, 2.350578004520888, 3, 1.0326803896158387, 2.579896341624036, 1.822788165759675, 1.1259329181626234, 1.75445671409771, 2.3741557192085603, 1.6225228977964032, 1.9405708850589705, 1.9458916514390214, 1.6844891810219833, 1, 2.0719089166895457, 2.6664313218073965, 1.6222958280393323, 1.0412358767671566, 1.0958692392842497, 1, 2.4985730298713738, 1.327004920992833, 1, 2.2495969375258227, 1.261654582313691, 1.7756872998567117, 3, 1, 2.0385593460952407, 2.1562146832608677, 3, 1.1111315318376176, 2.0364664094422347, 1.9141599361266277, 2.4512065249610417, 1.8261032724296415, 2.062939254914944], [0.52724077328646746, 0], 2158.620901823044], (0.53290822136187654, 0), (0.53610988037217544, 0)], 2: [[[75, 0.1959845477198638, 0.5955172844424643], [0.5, 0], 8824.998836994171], [[1.1363993958960692, 1, 1.559277208329301, 1, 1, 1.0281697510153465, 3, 2.760512267232337, 1, 1, 1.214852053086396, 2.6609161071631364, 3, 2.1630683279112723, 1.2741053952121146, 3, 2.013391830474384, 3, 1, 2.960621935579252, 1, 1.9726954800972971, 3, 1.3678420649331833, 3, 2.7258302418710763, 1.1703736978839274, 3, 2.946514421492844, 1.4369347181645606, 1, 1.478500390826889, 1.0217858869246652, 2.256321745153204, 1.2475390751488558, 1.4720190534397348, 3, 2.107201345047491, 2.9581406227516136, 2.9088666731101163, 1.7466872297696001, 2.9977266565888625, 1.9637090376991044, 1.692763729610128, 3, 2.1592500977046334, 1.5195579452511652, 2.2911526420719097, 1.8655597993373614, 3, 1, 1.4353432586618293, 1, 2.5191477029057157, 2.0661958860890413, 2.8942675004670573, 1.6121939381054098, 1, 2.104636233707058, 2.034707227901852, 1, 1, 1, 1, 1, 2.424031821338323, 1.11356815415217, 1.240486523756962, 2.0308314501216596, 2.1611178431715388, 1.7723412670486218, 1, 3, 1.9686754397311388, 1.998109141082709], [0.5627490039840638, 0], 1465.345854997635], (0.55883742911153123, 0), (0.57427622211675355, 0)], 3: [[[100, 0.6605461505411798, 0.1443976471929538], [0.5, 0], 10049.112884998322], [[1.743476138128148, 1.7951608204487148, 1.802828406495205, 2.590238251377396, 2.7541607456182304, 1.0046593070360763, 1.171242246634712, 3, 2.3041157847307314, 1, 2.7655430938616945, 1.0611734782379871, 2.738634901409376, 1.984643078417836, 2.359853821148267, 1.0146803686986448, 2.7954525525114726, 2.5486053060907197, 1, 1, 1.9593582296004195, 2.685288667744035, 1, 2.2398756517823384, 1.2959946659996704, 2.2967627829005606, 2.22068367344054, 1, 2.333755008242864, 1.2170521842722812, 1.0325931536735085, 1.7231502182917071, 1.6074595124879192, 1.811440801471162, 2.210784055850885, 2.118618856176435, 1.623510049869386, 2.0752393465609957, 1.9331068423103173, 1.6258272096193735, 2.789486357739954, 1.1770304328744763, 2.805292413322205, 1.8535198531449424, 1.5883491884949446, 2.0685799755073058, 1.9958210690054496, 2.2017669123357275, 2.332900695041075, 2.1717390360078284, 1.032688664997475, 1.5247046045904067, 1.8488777509186853, 2.1026257139968214, 2.848732840389089, 1.7391858448443147, 1.0734006647917762, 2.1149618738052047, 1.383099947987038, 1.9185792909517363, 3, 1.543117897459771, 1.867027774587054, 1.9735153713868003, 1.3263861416281415, 1.6139843867279033, 1.6238919164315635, 2.5569680749355266, 1.0261611064535423, 1.9629682062080482, 1.7136420678406772, 1.6882377463665847, 2.247961124723031, 1.0556881113918544, 1.7767812782224932, 2.253215303929905, 1, 2.403278933039928, 1.7406950546058881, 1.22592996223717, 1.6481812829905726, 1, 1, 1, 1, 1.967656962428193, 1.6882852314208667, 1.777103106764423, 1.4211506061558956, 1.6228262038262076, 2.7276639882397684, 2.442385278952102, 3, 1.541323464491273, 1, 1.9333280137556985, 2.1720847879371243, 1.9119583491429393, 1.6131146560841167, 1.2785499689590516], [0.57053941908713701, 0], 3182.286931991577], (0.59870550161812297, 0), (0.57032382793620118, 0)], 4: [[[86, 0.5396673518296503, 0.8017227561508381], [0.75, 0], 9934.109389066696], [[1.655546746397681, 1.9705354544504439, 2.4744663031445704, 1.3767264855562267, 1.9337321717998432, 1.2017919675602462, 1.8152135151833688, 1.3701244952362044, 2.359366403217465, 2.0037143037410816, 1.9263898744142134, 2.853683091228187, 2.339118793216397, 1.2968855591812607, 1.3737493687839046, 1.8904554794650017, 2.1995117454648847, 1.0560248439644528, 2.721046831334988, 1.5635355825485506, 2.364549483839734, 1.4479520239311412, 2.145982447411716, 2.7855663773129384, 1.0784940679555146, 1.847200650732678, 1.1598731225615357, 2.8884230900077688, 1.2266296773415553, 2.546683934974071, 2.0288637325860837, 2.9049794605373753, 2.162482892505273, 1.7539440738169378, 2.1985252008873015, 1.462161319500754, 2.9550704594204382, 1.2244494853410743, 1.538835149273551, 2.6046739940689387, 1.2423002866191575, 2.435843403233922, 1.4704053329055409, 1.1300221377549842, 2.676440857600916, 1.2425432256799849, 1.9323538496376513, 2.843056053531736, 1.38291129083155, 1.63573025109736, 2.7607350434514175, 1.6594164284951969, 1.9115265528208334, 2.01371446114341, 2.6887744956944584, 1.066213268283541, 2.108840300743979, 2.8368514042233883, 2.4978297887328345, 1.2740241536379924, 2.217935334601612, 1.180461696626236, 1.1105767082518134, 2.2919529528868123, 1.8779510576009706, 1.351839348549743, 1.0015650952151167, 2.3975506912201636, 1.4553287571340758, 1.1490983008187923, 1.8774787503350043, 2.002796540266516, 2.2883504503631364, 1.747237348410875, 1.3219802228584778, 1.026706036915575, 1.099396557465539, 1.9707660325290073, 1.5015944592596164, 1.4090986417853724, 2.1661380453394825, 1.8430350303955578, 2.4302250063626527, 2.673310898507684, 2.3256997015212297, 1.4490280051763385], [0.49913941480206542, 0], 3023.707845926285], (0.47913117546848388, 0), (0.45799999999999991, 0)]}, [(0.46684118673647473, 0), (0.53290822136187654, 0), (0.55883742911153123, 0), (0.59870550161812297, 0), (0.47913117546848388, 0)], [(0.4049733570159858, 0), (0.53610988037217544, 0), (0.57427622211675355, 0), (0.57032382793620118, 0), (0.45799999999999991, 0)], 59880.84147119522]

Total Runtime: --- 59880.841959 seconds ---


------------------------------------------------------------
Sender: LSF System <lsfadmin@n2f1-7>
Subject: Job 649471: </share2/aagrawa8/miniconda2/bin/python2.7 DE_topics.py _topics SE3> Done

Job </share2/aagrawa8/miniconda2/bin/python2.7 DE_topics.py _topics SE3> was submitted from host <login02.hpc.ncsu.edu> by user <aagrawa8> in cluster <henry2>.
Job was executed on host(s) <8*n2f1-7>, in queue <shared_memory>, as user <aagrawa8> in cluster <henry2>.
</home/aagrawa8> was used as the home directory.
</home/aagrawa8/topics_de> was used as the working directory.
Started at Tue Nov 22 17:59:02 2016
Results reported at Wed Nov 23 10:37:04 2016

Your job looked like:

------------------------------------------------------------
# LSBATCH: User input
/share2/aagrawa8/miniconda2/bin/python2.7 DE_topics.py _topics SE3
------------------------------------------------------------

Successfully completed.

Resource usage summary:

    CPU time   :  59883.73 sec.
    Max Memory :      2512 MB
    Max Swap   :      3719 MB

    Max Processes  :         3
    Max Threads    :        23

The output (if any) is above this job summary.



PS:

Read file <./err/SE3.err.649471> for stderr output of this job.

