Target Label: yes

Runtime for 1 loop of DE termination: --- 5822.45855904 seconds ---


Runtime for 1 loop of DE termination: --- 6802.80554605 seconds ---


Runtime for 1 loop of DE termination: --- 7493.54005098 seconds ---


Runtime for 1 loop of DE termination: --- 5870.86862326 seconds ---


Runtime for 1 loop of DE termination: --- 6352.03570294 seconds ---

[{0: [[[54.8, 0.5616950581957815, 0.8359302467934915], [0.75, 0], 4815.664469003677], [[2.7043035871455583, 1, 2.3188268112738175, 3, 2.951456147115136, 2.55317155143588, 2.883922527053694, 2.0303018571183467, 1.1399526719679127, 1, 2.8776090167071198, 1, 1.5828464905878654, 2.3078296230243667, 2.4361314296307506, 1.8881498509078682, 2.7793231779472203, 3, 2.0105650690948473, 2.9723033209931624, 2.718046413667924, 2.3229513076637476, 2.1410407117403243, 3, 2.0541040662580796, 1.8744795627498092, 2.4767399935343217, 2.4779488596923906, 1.5089774229474289, 1.4942504555185137, 2.0424529041618826, 2.1491436028190236, 2.027818183921821, 1.5075079274149297, 2.0076703241386173, 2.1745091709853024, 1.3819416017055384, 2.628856983899791, 1.3991311251028293, 3, 1, 1.9331392501164344, 2.864413401427465, 1.6996154698083719, 1.7716375818614465, 2.9459509036064224, 2.0006765241879734, 3, 2.551743763776068, 1.0248066491359233, 1.454320474057595, 2.2384524241180244, 1, 2.984307195704604], [0.53271812080536907, 0], 1006.7940900325775], (0.50850891410048615, 0), (0.52966101694915257, 0)], 1: [[[100, 0.11079900905686867, 0.9610983484545605], [0.75, 0], 5399.685812950134], [[3, 2.204692331437235, 1.810672713855173, 1.3005279233807194, 3, 1.0557502284152986, 2.7722680369466284, 2.053621153084737, 2.0584600121434526, 1, 3, 3, 3, 2.032338856331872, 1.0543276143581566, 1.622352232835061, 2.500672860063214, 2.694028019356073, 1.4846992675737378, 1.4721181280364175, 1.2788413101542673, 1, 3, 1, 1, 2.1975992920511316, 2.640842555698312, 3, 1.9105274156343945, 1.4438111219771945, 1.6794833460606808, 2.8858854161873477, 1.5370485548143435, 1.3301044493991303, 1.1156434948478662, 2.0109595605096167, 1.5732740513586925, 2.0499251585239713, 1.6408741603956476, 2.228496466073533, 2.12018026017492, 2.7397687627690863, 1.2349009041799603, 1, 3, 1.2180497447110623, 2.4664483217103945, 2.9932155292471325, 3, 1, 1.169836095111873, 1.9617349800170178, 1.2357887122504456, 1.7550077168895455, 2.3398704432855495, 3, 2.4946979604228345, 1.2859848541231644, 2.3110543887263177, 3, 1.2638683228899787, 1.2371135770402524, 1, 1.3583371389335608, 2.3980476758999036, 2.5739872133149224, 2.8184972285302754, 2.242190006034174, 1.9557398338349359, 1, 1.0227851872694842, 1.2534040295347357, 1.2563903182329956, 1.6309558705037266, 2.916295946472653, 1.284200854421752, 1, 2.3952981715865453, 2.0961791767122615, 2.4927661281470908, 1.500183826846674, 2.2602007015350507, 1, 3, 3, 1.1582169585507984, 1.084742814329221, 2.2492437926894224, 1.7728335599149598, 1.7975324472772056, 2.6303170301621095, 2.197009232385143, 2.457320256777045, 2.0071177658840096, 1, 2.533833601785754, 1.057525504686221, 1.8258287005540668, 2.4792330619945098, 1.1528587383626483], [0.65114068441064643, 0], 1403.119733095169], (0.48481522136845956, 0), (0.57025151777970517, 0)], 2: [[[79.1, 0.6851837465901123, 0.9900021575140111], [0.75, 0], 5340.270660877228], [[1.2854697981493501, 2.4667708876118803, 1.2421976084207407, 2.3359560585985655, 1.2262293342917383, 2.4537511327855714, 1.425570803554812, 2.989344373285615, 2.738525759511499, 1.3328259250746655, 1.186736640130444, 2.055699951884605, 1.7199902170801153, 2.8782802168146304, 2.3069620128317476, 1.6377591037098118, 1.8666276377888935, 1.7051252634579792, 1.0141843485606243, 1.2195876871850724, 1.753515032171709, 2.1961868360865746, 1.8804381657866955, 1.7422714725728972, 1.5904046999862391, 2.5592103270104616, 2.9357621773343845, 2.031324692909698, 1.0089877982865174, 2.389778488357433, 1.4131012265673417, 1.734115060178074, 1.6412767255312004, 2.4974679852193296, 2.6369980099325474, 1.4356489379024329, 2.4151428792206198, 1.9738720154776517, 2.830855920971695, 1.4610249857892321, 2.791697318953269, 1.5242679466209552, 1.7056741745582111, 1.7649632382637854, 2.636266327534129, 2.596494526954813, 1.6969102855622902, 2.265531493869992, 1.868740458997182, 2.184654192645165, 2.9665370178905386, 2.50847948756749, 1.0973252374852143, 1.7254728720270798, 2.924836529434351, 1.3727898994000527, 2.5339245423091565, 2.3057017666436934, 1.403489582677212, 2.1922898370415993, 1.2871180206584911, 1.305787913965169, 1.0203285648663118, 1.562073033053777, 2.3384203025137147, 1.4308296741876758, 1.181471742661177, 1.153247248206968, 1.8342406828223945, 1.9629267158431383, 2.244663940822983, 2.393196839560029, 2.629229791805699, 1.3569585017096153, 2.18138240209364, 2.9594970026568532, 2.9738575738235884, 2.6125814928639324, 2.629328240317246], [0.50235478806907374, 0], 2153.269390106201], (0.5130434782608696, 0), (0.45039908779931587, 0)], 3: [[[50, 0.7808305072055957, 1], [0.75, 0], 4343.211227178574], [[2.7706788259574995, 1.4163784486770912, 1.5433520142534758, 1, 1.4270879628411879, 2.4396472340433766, 1.9762071932373402, 2.257398698207274, 2.307171516812965, 1.3206972304703675, 1.0718738878016048, 1.5341509876879824, 3, 1, 3, 1, 1.4088396187113295, 2.2014359135478765, 3, 3, 2.0188853067666517, 1, 2.5512825912840125, 1, 1.9913459478543967, 1.7398738323781713, 1, 1, 2.910095175821097, 1, 2.643621608633686, 1, 2.6705271469900485, 1.8608795965924918, 1.5260630676711064, 1, 1, 1.811131810475544, 1.5681852231771969, 2.0363609447675013, 1, 1, 1.4884267443279133, 2.7784844660045334, 3, 3, 1, 2.124645980495559, 3, 2.4390681185020413], [0.36048431480462301, 0], 1527.6573960781097], (0.35297387437465261, 0), (0.33377308707124009, 0)], 4: [[[74.2, 0.36240738292316077, 0.8649764751190077], [0.75, 0], 4989.847046852112], [[1.3434294884165616, 1.9586531466576187, 2.2400244461685968, 1.0943719883140177, 2.315932536519985, 3, 2.787664025520668, 2.166212444912344, 3, 2.0847699201941405, 1.6757797662836182, 2.99810691644942, 1, 1.6346763358504606, 2.231339355376908, 2.4059997457550577, 3, 1.936547607252054, 2.916717478484383, 1.8010613830065938, 1.1669399287937823, 2.3759363656009658, 3, 2.5173521425250103, 1.241156050333286, 1.6603855330028345, 1.5790940106843474, 2.263946250471159, 2.5316686990870636, 1.9470379791617571, 1, 1.5256985044766038, 1.8320094892900014, 1.463826322234335, 1.5056852856250607, 1.222175346301409, 1, 2.4833095194316988, 1.0466922970236059, 1, 1.3633881460818797, 2.554663659347506, 1.1087295765830136, 1.9345265908142553, 2.6078796016665637, 3, 1, 1, 1, 1, 2.1127849792373516, 3, 1.113213423520144, 1.5608221902527266, 2.1007947763772927, 1.9776113270545623, 1.6473455393545322, 2.03326423302585, 3, 1.2442035494673391, 2.9298575213067255, 1.1798949117240587, 1, 2.440237670953643, 1.922177364160918, 2.9448442167630366, 2.9289986438007656, 2.670457624489387, 3, 1.0829143217254735, 3, 1.7051576475459758, 3, 1.524405105328321], [0.56410256410256421, 0], 1362.18865609169], (0.60132575757575757, 0), (0.56750572082379858, 0)]}, [(0.50850891410048615, 0), (0.48481522136845956, 0), (0.5130434782608696, 0), (0.35297387437465261, 0), (0.60132575757575757, 0)], [(0.52966101694915257, 0), (0.57025151777970517, 0), (0.45039908779931587, 0), (0.33377308707124009, 0), (0.56750572082379858, 0)], 32342.79750108719]

Total Runtime: --- 32342.7979259 seconds ---


------------------------------------------------------------
Sender: LSF System <lsfadmin@n2f1-7>
Subject: Job 643342: </share2/aagrawa8/miniconda2/bin/python2.7 DE_topics.py _topics SE3> Done

Job </share2/aagrawa8/miniconda2/bin/python2.7 DE_topics.py _topics SE3> was submitted from host <login04.hpc.ncsu.edu> by user <aagrawa8> in cluster <henry2>.
Job was executed on host(s) <8*n2f1-7>, in queue <shared_memory>, as user <aagrawa8> in cluster <henry2>.
</home/aagrawa8> was used as the home directory.
</home/aagrawa8/topics_de> was used as the working directory.
Started at Mon Nov 21 22:46:00 2016
Results reported at Tue Nov 22 07:45:04 2016

Your job looked like:

------------------------------------------------------------
# LSBATCH: User input
/share2/aagrawa8/miniconda2/bin/python2.7 DE_topics.py _topics SE3
------------------------------------------------------------

Successfully completed.

Resource usage summary:

    CPU time   :  32344.36 sec.
    Max Memory :      2252 MB
    Max Swap   :      3396 MB

    Max Processes  :         3
    Max Threads    :        23

The output (if any) is above this job summary.



PS:

Read file <./err/SE3.err.643342> for stderr output of this job.

