Target Label: yes

Runtime for 1 loop of DE termination: --- 12555.1717069 seconds ---


Runtime for 1 loop of DE termination: --- 10824.1459107 seconds ---


Runtime for 1 loop of DE termination: --- 12295.9396522 seconds ---


Runtime for 1 loop of DE termination: --- 15816.9968538 seconds ---


Runtime for 1 loop of DE termination: --- 14001.3547421 seconds ---

[{0: [[[81, 0.7937089018390153, 0.7926048383328966], [0.5, 0], 10966.208065986633], [[1.5037324712414633, 1.7928816559382046, 2, 1.874424001371548, 1.8950411697363745, 2, 1.9557086102577654, 1, 1.3159380447752103, 1, 1.5443597665856168, 1.345969657973133, 1.5381633957420706, 1.616895531175904, 1.0036010673929925, 1.7047129007616917, 1.8239061620842387, 1.6630884914335622, 1.7928737191939819, 1.0868128596340914, 1.54207308433161, 1.4508120852199546, 2, 1.5271184807066918, 2, 1.5507961977355111, 1.031271154782264, 1.794167537052632, 1, 1.5489078338098818, 1, 1, 1.0842582406251973, 1.5277208352740097, 1.0084811900331843, 1.4047450052554034, 1.6327089203339598, 1, 1.7752240239273291, 1.3020231515691219, 1.6502971525556114, 1.326339648710879, 1.8345100766409381, 1.7977402986964042, 1.3191346707287759, 1, 1.2256305845915307, 2, 1.935240054099151, 2, 1.8659228914632933, 1.0508715407817737, 1.5651164043723027, 1.0647346458111833, 1.3837686119454675, 2, 1.9497147978953908, 1.733548294484878, 1.4803093894130868, 1.794759456924682, 1.8693465720997875, 2, 1.3155490207424883, 1, 1.2379524232027745, 1.4448845384379205, 1, 1.0966020876420377, 1, 1.8520725023927176, 1.9796449696870964, 1.0093248909448715, 1.8902155880415878, 1.3439561121910644, 1.5868133579598185, 1.4100574085159006, 1.8099710476035245, 2, 1.0503919636020767, 2, 1.5885283573416789], [0.51971326164874543, 0], 1588.9636409282684], (0.529126213592233, 0), (0.50022133687472325, 0)], 1: [[[90, 0.239333806764581, 0.9651121162128716], [0.75, 0], 9880.926999807358], [[1.7187351763456384, 1.4607093774345814, 1.4953406745967086, 1.7245232529247003, 1.0234769749427257, 2, 1.4703355664053797, 1.5337438518655766, 1.965394630432667, 1.1876770236155283, 1.1473101917806883, 1.0390833045271095, 1.7913932020552423, 1.2565100878700146, 1.0746850460266204, 1.1310727249307377, 1.4503765226235166, 1.245015933526112, 1.8147147807629689, 1.824070671004628, 1.662557027356991, 1.5597059750409112, 1.4569904056417184, 1.5295076402250474, 2, 1.501359251834449, 2, 1.6571599383946098, 1.7135096626461879, 1.0730750891469714, 1.390648279889676, 1.421132985730335, 1.7064392229871375, 1.1685636764731093, 1.019693366275999, 1.2559919533458852, 1.804291359233904, 1.9725947108695991, 1.2517518836983441, 1.704896534113527, 1, 1, 1.8746652090868805, 1.6347130125101308, 2, 1.080562383948128, 1.8670429876417451, 1.1446683380121343, 1.3980819240617375, 1.8497342431218666, 1.7283526146309554, 1.6142707588004273, 1.3136000986882377, 1.5598930888357807, 1.1433330126273233, 1.1010827195532888, 1.3417462593900167, 2, 1.3121738667994145, 1.6178711945485533, 1.3503639823515154, 2, 1.4379048227502524, 1.43617707129558, 1.9029906905633942, 1.627068657704398, 1, 1.4447185201567116, 1, 1.7557289792861346, 2, 1.0404861458074248, 1.956172402594103, 1.6353436482718882, 1.3096796715026586, 1.5493563894819797, 1.3386309208738347, 1.1916764821905679, 1, 1.5659555018808144, 1.824189678842113, 1.7731014510637118, 1.891639255488148, 1, 1.7952925068215568, 1.3791022391838534, 1.1342568745137753, 1.2229954414042599, 2, 1.0172040365806558], [0.56174089068825905, 0], 943.2189109325409], (0.63549832026875708, 0), (0.64635535307517089, 0)], 2: [[[85, 0.28349832748269943, 0.6361636505047324], [0.5, 0], 11021.247068166733], [[1.3950839687822036, 1.8846983585299926, 1.4283608915191897, 1.4100833157800214, 1.5520077285268323, 1.7231457144054345, 1.4022408512074505, 1.18353207881334, 1.730930324358472, 1.697138748288435, 1.5043158663598146, 1.4672985867204154, 1.231569071876725, 1.5084910127392606, 2, 2, 1.2753361044322056, 1.5635391317172467, 1.7559726060965783, 1.821344668533854, 1.5254905363843163, 1.2579157108513108, 1.5250072290429366, 1.3629097013257194, 1.4276113603567697, 1.608134568818604, 1.716732440058317, 1.5303221511123792, 1.9131777791693592, 1.405127885114569, 2, 1, 1.560893092196659, 1.794572979481559, 2, 1, 1.8572281043234036, 1.7610121968494794, 1.6822356962244966, 1.0937223407766856, 1.6560938512421992, 1.6105998026920454, 1, 2, 1.7108055258602923, 1.46501066628555, 1.4916378625786926, 1.3941950789202888, 1.3451412691355882, 1.1985316886427202, 1.5885037462582288, 1, 1.802646586653402, 1.542888227302779, 1.2819839071227226, 1.3303136325713085, 1.2512123016866918, 1.548513256277943, 1.7352649035214225, 1.1812699604557373, 2, 1.7063244259024455, 1.7257998261645129, 1.4113063178891907, 1, 1.1275595553513766, 1.3215343082098316, 1, 1.309393028352982, 1.2326219621287555, 2, 1.9792038787823834, 1.2188757090132925, 1.6551547963236897, 1.506280497844065, 2, 2, 1, 1.3906023534786713, 1.6384387317038724, 1.2019004949990444, 1.8527153794194835, 1.9165459099892725, 1, 1], [0.45766590389016015, 0], 1274.6925840377808], (0.43608379649422829, 0), (0.4389721627408994, 0)], 3: [[[150, 0.4394015362164749, 0.8978390613995505], [0.75, 0], 11626.069094896317], [[1, 1.3003609748973735, 1.6308668952422956, 1.8605839488139921, 1.8316749408331874, 1.2432753580453006, 1.0910610493239277, 1, 1, 1.4164443810412728, 1.4218626971477744, 1.5044956867024235, 1.2360187294692913, 1.9353277521510424, 1.5249361853123211, 2, 1.3127762811342425, 1.7215540703115777, 1.491320040853234, 1.5468769906587956, 1.2002820228577835, 2, 1.6615307246558617, 1.5692943670495296, 1.3735421207281822, 1.1503055043300225, 1.4118384896159415, 1.1408809418910584, 1.7008267800064476, 2, 1.4486423359211629, 1.3579617590710484, 1.3963103709974978, 1.1425574315119043, 1.5782680292685343, 1.0272009906302448, 1.6201794030387486, 1.0256779452586395, 2, 1.5041729618767579, 1.0446590495611656, 1.4467230631648567, 1.9350607285697012, 1.390145049172284, 1.1464544860770276, 1.585937230268173, 1.2136080314120432, 1.1933595263882393, 1.6162988936696605, 1.615604956915165, 1.2433931412638288, 1, 2, 1.3887016680904414, 1, 1, 1.5602378844806641, 1.537338659688262, 1.347653425912702, 1.4579540768060908, 1.9671075193009335, 1.5952626614304288, 1.629240440424968, 1.0904190268853458, 1.4405469743790926, 1.5846099373678522, 1.027036472737983, 1.3353579549246768, 1.5099135082276645, 2, 1.2756048587477966, 1.392664548223615, 1.298429865918442, 1.4489894147210443, 1.547765320416921, 1.1282893748220462, 1.8061129697744236, 2, 1, 1.3232578857148072, 1.3609372503204438, 2, 1.362089697875729, 1.6084722628426784, 1.4661843151106833, 2, 1, 1.3386857525508158, 1.8035750024565413, 1.456655982687352, 1, 1.0755601005190925, 1.2121380487570776, 1.11104491140896, 2, 1.9167513902632551, 1.4968354362425575, 1.5376443645582, 1.217543852132466, 2, 1.141654779642499, 1.4757337230988257, 1.4996374526644651, 1.2644520095229168, 1.1818332852716604, 1, 1.3260818905384422, 1.4495588037542604, 1.077626924297036, 1, 1.5135638868002685, 1.6966357679586397, 1.5507128767817129, 1.2245651752138238, 1, 1.3561820138825547, 1.569064688756345, 1.8979470153149656, 1.9885398913168817, 1.2070754906440433, 1.4066512194013305, 1.8524432994759221, 1.6259190718322336, 2, 1.803023418524909, 1.9522877669189957, 1.2509689321881046, 1.5345327956927637, 1, 1.4504842210496411, 1.6337520604395623, 1.3330333600558786, 1.7442090572628117, 1.5748465701496703, 1.4190793280792047, 1.2990709708168453, 1.6401021450382185, 1.2700581066676235, 1.3369260201789483, 1.5226858987956975, 1, 1.2556473331713482, 1.837884024779725, 1.9029813391024217, 1.783555009846424, 1.0182444952360505, 2, 1, 2, 1.4729334345589842], [0.46705587989991648, 0], 4190.927758932114], (0.42566709021601018, 0), (0.42630937880633374, 0)], 4: [[[128, 0.26082178411787266, 0.898410663877706], [0.75, 0], 12234.241393089294], [[2, 1.5510053886033648, 1, 1.1124291744530885, 1.1737684703734006, 1, 1.0195859059858021, 1.865128421011153, 1.3211931362048936, 1.6874874851974029, 1.5692170655925097, 1, 1, 1.3633462408442183, 2, 1, 1.2509934050721654, 1.7830319581954857, 2, 1.2716061120607058, 1.2973456938940586, 1.0963790152671236, 1.2873842715435044, 2, 1.0914091394118073, 1.2297080289560753, 1.0268510478910857, 1.3328967139711518, 1.1248291724619444, 1.3635143871862088, 1, 1.1529316704515027, 1.4989112511842928, 1.9780980192461228, 1.017537890951836, 1.495133214477219, 1.6403458183227009, 1.6151800884251777, 2, 1.3996289648064804, 1.2738964243701718, 1.360096934974946, 2, 1.5363023910992553, 1.0483528567293163, 1, 1.556446083971197, 1.457776784400266, 2, 1.9392213706478145, 1.6059238625926566, 2, 1.5219790437557452, 1.3070326956155751, 1.7623513292743618, 1.418913519248519, 1, 1.7785813316259804, 1.902512059328247, 1.4668744151845037, 1, 1, 1.4608443214685778, 2, 1.9163795757107964, 1.7035377024876817, 1.1893673676543863, 1.681223625988564, 1.5764133495326633, 1.0304467821280183, 1.152294145489361, 1.0553412206133126, 1.5423408270346766, 1.004190026700529, 1, 1.693864753045721, 1.4776255179697049, 1.4989914763531724, 1.861633526090813, 1.7283741315867225, 1.4763392913620077, 1.441201919414259, 1.4224447470929766, 1.3995685169616485, 1.1980381569723177, 1.6180433532605851, 1.763008354148709, 1, 1.889678136441108, 1.7183891925638013, 1.4234494687142254, 1, 1.3241316514483927, 1.9024160623872963, 1.1164190622317844, 1.4126623988982745, 1.2240068056551143, 1.9705131135788128, 1.2543404547040133, 1.3735568891867516, 1.3171732930248945, 1.1328060976081669, 1.594650272267986, 1.1611852788189037, 1.242200785425286, 1.8351128007023512, 1, 1, 1.424565605981778, 1.9870420074468162, 1.0413545550367371, 1.2762069168648311, 1.4629354974616056, 1.9718095930887876, 1.7048710278919887, 1.4512355875543521, 2, 1.6107286127578515, 1.2760108359328632, 1, 1, 1.4081322652215238, 1.1336596870490363, 1.18510879071907, 1.336114011806346, 1, 1.1816347448809763, 1.3320436374798885], [0.57775377969762431, 0], 1767.1133489608765], (0.59758771929824572, 0), (0.60287610619469034, 0)]}, [(0.529126213592233, 0), (0.63549832026875708, 0), (0.43608379649422829, 0), (0.42566709021601018, 0), (0.59758771929824572, 0)], [(0.50022133687472325, 0), (0.64635535307517089, 0), (0.4389721627408994, 0), (0.42630937880633374, 0), (0.60287610619469034, 0)], 65494.74549603462]

Total Runtime: --- 65494.7460079 seconds ---


------------------------------------------------------------
Sender: LSF System <lsfadmin@n2f1-5>
Subject: Job 628070: </share2/aagrawa8/miniconda2/bin/python2.7 DE_topics.py _topics SE3> Done

Job </share2/aagrawa8/miniconda2/bin/python2.7 DE_topics.py _topics SE3> was submitted from host <login03.hpc.ncsu.edu> by user <aagrawa8> in cluster <henry2>.
Job was executed on host(s) <8*n2f1-5>, in queue <shared_memory>, as user <aagrawa8> in cluster <henry2>.
</home/aagrawa8> was used as the home directory.
</home/aagrawa8/topics_de> was used as the working directory.
Started at Tue Nov 15 18:36:58 2016
Results reported at Wed Nov 16 12:48:48 2016

Your job looked like:

------------------------------------------------------------
# LSBATCH: User input
/share2/aagrawa8/miniconda2/bin/python2.7 DE_topics.py _topics SE3
------------------------------------------------------------

Successfully completed.

Resource usage summary:

    CPU time   :  65502.04 sec.
    Max Memory :      2490 MB
    Max Swap   :      3806 MB

    Max Processes  :         3
    Max Threads    :        23

The output (if any) is above this job summary.



PS:

Read file <./err/SE3.err.628070> for stderr output of this job.

