Target Label: yes

Runtime for 1 loop of DE termination: --- 2476.07936406 seconds ---


Runtime for 1 loop of DE termination: --- 2913.30037785 seconds ---


Runtime for 1 loop of DE termination: --- 2648.38406086 seconds ---


Runtime for 1 loop of DE termination: --- 2889.71661711 seconds ---


Runtime for 1 loop of DE termination: --- 2522.88050604 seconds ---

[{0: [[[63.1, 0.12026545258261473, 0.7482921823896191], [0.75, 0], 2406.0832509994507], [[1.656866809186046, 2.235845211592609, 2.3426750696081897, 2.5955779260479037, 2.4298716428358498, 1.0593060446763987, 2.9183958854386143, 1.0522795870233892, 1.685047112782737, 1.0381848024330993, 1.0291118404141315, 1.6760931694955954, 1.8297188808540936, 1.979566781490568, 1.2694386390179475, 2.2858069535611656, 1.6236036183009555, 2.8565762505915084, 2.6174518829607134, 1.9438410994841913, 1.2215203511443313, 2.351218454628498, 1.749914490218154, 2.015505238975603, 1.3668670508012497, 2.973911897661483, 1.2963356123268097, 2.2626266591131943, 2.7789634659442504, 2.9440353314610332, 2.461687315659786, 1.951552552196223, 2.963219654815435, 1.3353983131838179, 2.9066504269907867, 1.934465147426959, 1.1029681742856436, 1.743255348771253, 2.9299680993685144, 1.658969205446262, 1.8760953244904641, 1.229530206777342, 1.2808266224962246, 1.2826503734182757, 2.651489208411113, 1.0164827094666302, 1.1168931463099834, 1.7100076931908268, 1.849487959661541, 1.9989245683414207, 2.81021672246731, 1.3014976535985254, 1.3604092715480471, 2.0509499163581095, 1.2563298489723842, 1.9715155988589355, 2.4541416733353483, 1.698629603390854, 2.5774545765550587, 1.519876639866892, 2.5447656706512376, 2.3697469314794155, 1.0526597573981367], [0.83877995642701519, 0], 69.99611306190491], (0.82566323768272865, 0), (0.83333333333333337, 0)], 1: [[[71, 0.7418591042036857, 0.9364853478577835], [0.75, 0], 2755.699043035507], [[1.7701989254385482, 2.7578409275407103, 1.3653789568018662, 1.9143661105762984, 2.578784925645789, 2.520759772269389, 2.213745638523904, 1.686566461490405, 1.324231325466298, 2.3661130444900573, 2.211447925987815, 2.352112680807036, 2.5518817784669316, 1.5010678657708045, 2.7666532398397354, 2.0699052758125216, 1.3736295597308574, 2.0999378786085163, 1.0775962310495035, 1.7826092079679792, 2.9774966893222095, 1.836943445140948, 2.4658013548889137, 2.6424240586369234, 1.6571492778545156, 1.96363402507734, 2.007260833768475, 1.922362188994964, 2.9135063275001727, 2.33295130208261, 2.5963341086773717, 1.2542020682797308, 1.701101668999496, 2.264938612641315, 1.2633365960206073, 2.2107836108872894, 1.8039999661547572, 2.025962592093676, 1.1265480557635392, 1.7052346731087809, 2.7333965372111253, 1.3978989380744784, 1.3589541335201203, 2.2874481802937012, 2.6500829141002273, 2.321047038802867, 2.2171692207135725, 1.7965943155772266, 1.9897609762236106, 1.7555064450623477, 1.0974457823444985, 1.644164084492765, 2.7690836781852406, 2.5119811496106523, 1.2200409819585247, 1.0336171520451458, 1.9613671890661424, 1.9211685778663459, 2.783599353378921, 2.440314502870165, 1.919174423393988, 1.9317516093153049, 1.0703679895840599, 1.2316674838677888, 1.8687538615390227, 1.1413740773183598, 2.4312869874550853, 2.6930094055837523, 2.2649080393151158, 1.407236034021406, 1.6193141839520526], [0.61475409836065564, 0], 157.60133481025696], (0.61711356466876977, 0), (0.64268391269199676, 0)], 2: [[[73.5, 0.1, 1], [1.0, 0], 2521.5117609500885], [[2.2877412412082636, 1, 3, 2.50648453949434, 2.6112765524092842, 1, 1.9789846348158189, 2.5125473549174178, 3, 2.2612165202711263, 2.02378103925041, 1.5189894805462911, 1.6085416758315185, 2.0125175025798283, 2.0122622168798348, 1, 2.6594683300124435, 1.931459239650847, 2.946749511749682, 1.5491070035226249, 2.1197438405727, 1.0064311442386664, 1.8213011486545927, 2.066849784791651, 2.0163232294779925, 2.2891277629057902, 3, 1.7370170437842358, 2.6163394296649, 1, 1.6173383484420856, 1.171444669783983, 1.4719906849986426, 1.0378535902188584, 1, 2.840906409790311, 2.511877764351164, 1.7456731246317339, 2.1264497813512366, 2.3232550500612223, 1.839759522065437, 1.4702932526630392, 3, 2.0880793290147226, 1.6131317348388636, 1.7885240368893982, 2.3057586269329358, 2.1528679862427453, 2.833365689800276, 3, 2.1530891157147214, 2.679584774576234, 2.622901755559848, 1, 2.061284363186534, 1.2230286930130556, 1.4743026519990254, 2.4253876979536693, 2.819624304851223, 2.3150318856540983, 1, 3, 1, 2.141957156368992, 1.094645556562438, 2.2832106350339796, 1.416405033600966, 1, 1.2374373976401005, 3, 1.5845582300079641, 2.986185289609041, 1.889439785795251], [0.60777957860615894, 0], 126.87229990959167], (0.63779863481228671, 0), (0.667779632721202, 0)], 3: [[[89.8, 0.6788168274581654, 0.9607521172372445], [1.0, 0], 2697.364312171936], [[1.543727766176036, 1, 1, 1, 2.1124249167295854, 1, 1, 2.4513850402134905, 1.3495394893647017, 2.3390121110057542, 1, 3, 2.484436674054687, 2.3066589389498544, 1.6361808098222925, 1, 1, 1.072251408509897, 1.0498899127258974, 2.0399792605514557, 1.702154811008228, 1.1980660720872862, 1, 2.668487579521134, 1.1186787268421883, 2.3473665356448516, 1.4730995599493566, 3, 3, 2.3085893732700287, 3, 1.8391833318769162, 3, 3, 1, 2.106330428263233, 3, 2.923286926315754, 3, 1, 2.3839143714533355, 1.1442647521164901, 1.6088903411736049, 3, 3, 1.6284888697929498, 1, 2.2948173990936436, 2.351437629578789, 2.72626465751404, 1, 1.1241831477016246, 1, 2.1808386278936966, 1, 3, 3, 1.153294098742482, 1, 1, 2.5124549883159824, 1.9306818678046858, 1.8830416887177988, 1, 1, 1, 2.9419316013168344, 1.8849524154554942, 3, 2.0606403854487305, 2.629346960490861, 1.2994440397218998, 2.884177282704189, 3, 2.584294835374608, 1.8843874159427518, 2.029722968711603, 2.216347132181898, 1, 3, 1, 2.982599972546331, 2.12550146992242, 1, 1, 3, 1, 1, 1], [0.62698412698412698, 0], 192.35230493545532], (0.46807901517320361, 0), (0.60654429369513174, 0)], 4: [[[53, 0.21540721662044454, 0.7073128237856529], [1.0, 0], 2460.220610141754], [[2.8608237071105007, 2.719214396044018, 1.278038198615517, 1.7507854657052533, 2.3756842781156076, 1.8726136236093631, 2.9561310573803565, 2.205992995944423, 1.5721783020143252, 2.4024077260665124, 2.9158132916745414, 2.6304474479034097, 1.028458526774972, 1.1116648797431234, 1.4365569831062268, 2.2835779883614515, 2.467521016330857, 2.9666318956656443, 1.0740250261851378, 1.6602706236696494, 1.9053115985892153, 1.0812474812812403, 2.884486900286351, 1.4517195839402477, 2.357551324167199, 2.6990423552558975, 1.2229215038494994, 1.7555000544101735, 2.873172335214348, 2.0806720582750673, 1.5902013412510703, 1.5194108412793097, 1.436318297440126, 2.2729598808750335, 1.877397366009517, 1.1764784711387253, 2.7206809165238335, 2.9280135290874743, 2.280132617681696, 2.554669978225113, 2.8308337637372754, 2.41631176061395, 1.217221473506441, 1.7337823342143621, 1.8434527063913777, 1.7162387587867727, 2.9176143537316905, 2.495874349982004, 1.4610249192081786, 1.0403872989695788, 1.5348652646857235, 2.986666092778062, 2.967633799896255], [0.80482897384305829, 0], 62.65989589691162], (0.81547307893361221, 0), (0.80039525691699598, 0)]}, [(0.82566323768272865, 0), (0.61711356466876977, 0), (0.63779863481228671, 0), (0.46807901517320361, 0), (0.81547307893361221, 0)], [(0.83333333333333337, 0), (0.64268391269199676, 0), (0.667779632721202, 0), (0.60654429369513174, 0), (0.80039525691699598, 0)], 13450.587837934494]

Total Runtime: --- 13450.588335 seconds ---


------------------------------------------------------------
Sender: LSF System <lsfadmin@n3i1-4>
Subject: Job 649472: </share2/aagrawa8/miniconda2/bin/python2.7 DE_topics.py _topics SE6> Done

Job </share2/aagrawa8/miniconda2/bin/python2.7 DE_topics.py _topics SE6> was submitted from host <login02.hpc.ncsu.edu> by user <aagrawa8> in cluster <henry2>.
Job was executed on host(s) <8*n3i1-4>, in queue <shared_memory>, as user <aagrawa8> in cluster <henry2>.
</home/aagrawa8> was used as the home directory.
</home/aagrawa8/topics_de> was used as the working directory.
Started at Tue Nov 22 17:59:02 2016
Results reported at Tue Nov 22 21:43:14 2016

Your job looked like:

------------------------------------------------------------
# LSBATCH: User input
/share2/aagrawa8/miniconda2/bin/python2.7 DE_topics.py _topics SE6
------------------------------------------------------------

Successfully completed.

Resource usage summary:

    CPU time   :  13463.56 sec.
    Max Memory :       451 MB
    Max Swap   :      1461 MB

    Max Processes  :         3
    Max Threads    :        19

The output (if any) is above this job summary.



PS:

Read file <./err/SE6.err.649472> for stderr output of this job.

