Target Label: yes

Runtime for 1 loop of DE termination: --- 3102.53571391 seconds ---


Runtime for 1 loop of DE termination: --- 3711.91789603 seconds ---


Runtime for 1 loop of DE termination: --- 3357.46641326 seconds ---


Runtime for 1 loop of DE termination: --- 3944.18469787 seconds ---


Runtime for 1 loop of DE termination: --- 3518.32030916 seconds ---

[{0: [[[93.0, 0.12026545258261473, 0.7482921823896191], [1.0, 0], 3040.469132900238], [[1.6096493266846865, 1.743971893093816, 1.485077379356322, 1.3750152568843808, 1.1753518840503696, 1.0348184585815365, 1.3214680043195424, 1.7904209948729926, 1.4485561588178224, 1.4120377970559932, 1.2003198024188195, 1.3137186910450747, 1.9637734936847129, 1.375692100907708, 1.7232314773002058, 1.8657655956732415, 1.0806816687309952, 1.5496883965080108, 1.2369931986075393, 1.0622220975404555, 1.652264729140824, 1.7125215500289146, 1.5192531533636557, 1.5060666269314102, 1.1232947296158002, 1.1536228537510635, 1.383165426651901, 1.7809087672332273, 1.1658619162609076, 1.001035331881121, 1.8725396225673627, 1.8232410882313679, 1.5803610123479674, 1.9674006718619046, 1.7112976396162596, 1.0315155661228879, 1.2385766730442778, 1.5091189690145876, 1.348066843293362, 1.3303632253335385, 1.3273571748735302, 1.1552835562211128, 1.664489561415324, 1.7483451061753188, 1.2904578205466728, 1.5910232468458652, 1.4281978972390243, 1.7085244613098642, 1.109344429814871, 1.0011142583611163, 1.5477207125573424, 1.351040765142634, 1.4942042328008873, 1.1312405801865912, 1.2671947291590484, 1.4209350509881593, 1.6359662241330128, 1.4587577471845838, 1.4909970755570714, 1.2013349385643173, 1.5629330824355954, 1.1347824527211174, 1.8332763158659353, 1.0569459106622192, 1.8225597453673488, 1.5349255410135925, 1.3460505201954238, 1.7087745373429497, 1.0882492200721756, 1.9640860311741914, 1.0075934219302103, 1.962402238892833, 1.2490959217333382, 1.6038713405174856, 1.2134019431377512, 1.8769761159593523, 1.2356436903332915, 1.0854122260705807, 1.6148226369552212, 1.6031531541024708, 1.0508336955403776, 1.7421385568905658, 1.381507736832646, 1.9993340425882884, 1.9301202403882785, 1.1789904275740177, 1.2199413019807803, 1.0739150768164027, 1.1115334533124646, 1.5021537111782137, 1.0326335936680322, 1.642327682472252, 1.8461054707093028], [0.80645161290322598, 0], 62.06658101081848], (0.82138919514884234, 0), (0.80173347778981585, 0)], 1: [[[142, 0.885748002775322, 0.9791389544246485], [1.0, 0], 3406.8840339183807], [[1, 1.665996620791375, 1, 1.3956446674396874, 1.7522508237993997, 1.3882434743144982, 1.0169561583739228, 1.4021004373076926, 1.4190181742555819, 1.9336635400582007, 1.2059594039785175, 1.6995594034276227, 1.8894251098181696, 1.829870578982569, 1.0315837267451917, 2, 1.005115208528662, 1.6714344978303117, 2, 1.738909899935388, 2, 1.7520086097731864, 1.9754736829934487, 1.2746539760304874, 1.8582917962260002, 1.3708696967994543, 1.8876867873145406, 1.7943830803036864, 1.3944127991927802, 1.7015309946234354, 2, 1.4725553679505345, 1.6065991737541263, 1.7109041319372815, 1.7720112569344761, 1.6865465199396399, 1.5855678649951686, 1.6282360233544377, 1.525350210395747, 1.7798367168305145, 1.7707012159773767, 1.7080926276689352, 1.8165652549817723, 1.2827267638599964, 1.0788098351190396, 2, 1.6396930820514306, 1, 2, 1.724563790130732, 1.1136386937376797, 1.6836160461805407, 1.6235378282197437, 2, 1, 1.7694707560853662, 1.0689721649163155, 1.5501572801910763, 1.7421103864677971, 1.7141309228157708, 1.8672767850888283, 1.6325925557804597, 1.671219611529423, 1.6164896481996682, 1, 2, 1.3573293881973023, 1.3727255781751222, 1.5392889980533928, 2, 1.222086770816499, 2, 1.9490059951888428, 1, 1.4533189012420304, 1.3237047535585416, 1, 1.427849135078762, 1.7100837570888003, 1.3925016736280977, 1.8092932882463342, 1.299184287674601, 1.1640769463407703, 1.7812594675989561, 1, 1.6280317169606358, 1, 1.9861323468792371, 2, 1.849253583820231, 2, 1.7085826179331036, 1, 1.1113779931895915, 1.112280395245946, 1, 2, 1.6248663693244954, 1.4211633981480418, 1.4562382791329627, 1.5534474838327457, 1, 1.4291360787799168, 1.2275078447220844, 1.2527380234960699, 1.8185575015469877, 1.6184953384465681, 1.3078745796412552, 1.2791861328074814, 1.2371318476559865, 1.8547599403891133, 1.7915970369356213, 1.0744066171638056, 1.7388232559678802, 1.464256230352248, 1.6883397823530082, 1.3875530674190373, 1.3412164600664926, 1.818748757080096, 1.8099377330594768, 1.4509523449580348, 1.3439880217071505, 2, 1.1636686118370005, 1.6378530135859073, 1.750836436309336, 1, 2, 1.2772205668023295, 2, 1.8298302648037086, 1.057755482553322, 1.5356434014035825, 1.6197928282804055, 1.6692233957327325, 1.4509703404120269, 1.8482631122094317, 1, 1.55967230372097, 1.0631569375678147, 1.269742371811175, 1.1155715877928796], [0.31180400890868598, 0], 305.03386211395264], (0.19636445242369838, 0), (0.25629629629629624, 0)], 2: [[[78, 0.350642531652551, 0.7287025252877896], [0.75, 0], 3284.719701051712], [[1.2437119407325237, 1.4103339635954972, 1.3135965933718143, 1.5041883444621067, 1.0223959214651186, 1.66279938762928, 1.5975604738228406, 1.0872178505313903, 1.594693143842083, 1.1531307657484464, 1.7946703436879452, 1.8192738471169356, 1.845483886577663, 1.6123919877679587, 1.6432464509418967, 1.6851427266834165, 1.3649704564439225, 1.774053727975688, 1.2983737387722898, 1.0669351602507693, 1.8038949673796434, 1.775146851322267, 1.746656517908102, 1.29815563659356, 1.6991239405336194, 1.7648092519220024, 1.0141184312760754, 1.3725956480024717, 1.8744373942073471, 1.1099629190024984, 1.5556359814470384, 1.2509248686430148, 1.8140063895855851, 1.3249458016381621, 1.297940304423681, 1.383237107065821, 1.3805141425694356, 1.1154812752261922, 1.423520211013841, 1.8971185837733202, 1.1424870282203154, 1.830678637470152, 1.501946049142036, 1.5089571276741056, 1.1511270270379363, 1.8601203334044158, 1.3743435970285725, 1.6435608198560954, 1.1375897197082727, 1.2055375753576927, 1.1488740191102096, 1.0435414554190443, 1.4784944045281936, 1.2350903153594306, 1.3395757508823056, 1.979290581490007, 1.4510487513023134, 1.7581145293651677, 1.7350329373130677, 1.0299603963619521, 1.4787387531651957, 1.5935935238877488, 1.6206924830580567, 1.9367038904509912, 1.9659550748914683, 1.9032556634928954, 1.9517775153503099, 1.1999976716410363, 1.120463582415595, 1.405605204784061, 1.1281758895235674, 1.783398583811663, 1.9125640177966685, 1.5688848986881752, 1.5514889848185351, 1.5731738669722892, 1.023306500650023, 1.7796839153379027], [0.67019400352733693, 0], 72.74671220779419], (0.67796610169491534, 0), (0.69521178637200731, 0)], 3: [[[113, 0.2270898552698447, 0.830917703617386], [0.75, 0], 3843.0535628795624], [[2, 1.4354950510570113, 1.2897136004413705, 1.1697582105052926, 1.4143177587045819, 1.0237684576374078, 1.686034662189732, 1.9698643072566435, 2, 1.8322378924803653, 1, 1.606688170355434, 2, 1.8746557635278704, 1.22614440550114, 1.5076379139431964, 1.75052122515618, 1.6633269636614096, 1.098452572717795, 1.417597747595893, 2, 1.8152467575158344, 1.7035216755338722, 1.95587341113802, 1.145795350683756, 1.2834146166812919, 1.9079657083844173, 1.7280177901214029, 1.2848221953447816, 1.3134217014932197, 2, 1.1858457482631601, 2, 2, 1.6988602086552342, 1.0389891929813886, 1.6992003014407087, 1.0952112149443944, 1.4952560916540227, 1.2813342129151861, 1.4274281212617217, 2, 1.749072004468044, 1.6630164996930872, 2, 2, 1.5755211922201715, 1, 1.6001921850549032, 1.6988450584377632, 1, 1.0350331277385578, 1.7440272854554202, 2, 1, 1.372662824774538, 1.3022570591740976, 2, 1.6400829640411965, 1.124491512660112, 1, 1, 1, 1, 1.2665216441518865, 1, 2, 1, 2, 1.3339923254097776, 1.3810825188892868, 1.0216481472882397, 1.5185776467470953, 1.9131796339437357, 1.7435759905608437, 1, 1.7545953302674908, 2, 1.453736994913773, 1.4365249069115598, 1.8698912594863268, 1.5490781408595982, 1.158554330433084, 2, 1.8640477841371905, 2, 1, 2, 1.9038123855768183, 1.5276162801406352, 1.9505567933741697, 1.1001124859114175, 1, 1, 2, 1, 1.2681267165891499, 1, 1.1529031592953074, 1.3502625778367954, 1, 2, 1, 2, 2, 2, 2, 1.7384718816451676, 1.2440978335837662, 1.9412659164729933, 1, 1.9994375466724859, 1.4988153868041787], [0.73440643863179078, 0], 101.13113498687744], (0.68819031435853872, 0), (0.73170731707317072, 0)], 4: [[[135, 0.28907741583523305, 0.7790554828196189], [1.0, 0], 3360.9467611312866], [[1.4154818127770266, 1.540186213167194, 1.0890240063911456, 1.4199125027096562, 1.8808155061450877, 1.0467758581778872, 1.6879530954752315, 1.3491941782127224, 1.4887909136474282, 1.932758868544344, 1.9649510963730226, 1.7268195835095155, 1.4758301875461226, 1.4677121426750626, 1.2686977495126621, 1.5329457121551808, 1.2217666707312538, 1.5420310574850031, 1.5602112955825536, 1.9358314745854035, 1.9891405335039272, 1.6268079206860868, 1.6862628363604366, 1.0803088522526685, 1.6896081354520072, 1.7827953899191809, 1.36507657898722, 1.6432862412787375, 1.7652972594089542, 1.002260691832532, 1.720496771172865, 1.7588760823207523, 1.6360928878082635, 1.197526654735125, 1.77480556072342, 1.8158948084513886, 1.7526315792367555, 1.8496029247900019, 1.063607455386709, 1.868254333113216, 1.2586152908017503, 1.381749594788957, 1.3284358192818502, 1.2932163719055878, 1.3710707023356168, 1.285364639325444, 1.4235941915944108, 1.6895869010701956, 1.1238906002779718, 1.8169522678811894, 1.037274605301321, 1.3241038605003737, 1.7341904078659447, 1.0262164100474807, 1.2611140297903225, 1.6569982769072629, 1.149677536448477, 1.9901082006468611, 1.9306880335431407, 1.063456498086199, 1.860191047214045, 1.087385003983927, 1.846343567255426, 1.5961007592516796, 1.2586462956128208, 1.3825811321849144, 1.6258183908643318, 1.9532580429038802, 1.4475865592098396, 1.2145327411584537, 1.6469797700869826, 1.6030465909756932, 1.9718851371705346, 1.355870404437528, 1.6834687339176562, 1.5489082458485517, 1.917935498762741, 1.878568879062527, 1.7272584595401144, 1.6906898180712582, 1.2640080536729354, 1.9405174787580486, 1.423581294928875, 1.4864965708828162, 1.5389228383788267, 1.1804967072327333, 1.0172816411389178, 1.3154541973298355, 1.4682711543033335, 1.3256633309232135, 1.0183851160896231, 1.6950535013027443, 1.5247108564474052, 1.4534426080499152, 1.4896373164479528, 1.9462907156968703, 1.0597492484901334, 1.1916187456148761, 1.4354209170890408, 1.1273198053640057, 1.0021415820514943, 1.4893556798224992, 1.7193918114223141, 1.0517763112549654, 1.3152580549957513, 1.7145776113978415, 1.7942586590715282, 1.4950204368200195, 1.203797621245458, 1.7814635522643645, 1.7033785213706074, 1.4450994039774283, 1.2779707708068178, 1.6878617847500867, 1.2628068596680624, 1.7693944239277841, 1.8040310768198902, 1.4298391967811184, 1.5255041529111786, 1.6309104456174435, 1.4825981605179008, 1.9383400052447461, 1.8118134703450997, 1.8901340807659288, 1.3050941672605674, 1.855881293353212, 1.715774948556993, 1.9540329566262218, 1.6658130808403697, 1.8398389830539412, 1.910585943083901, 1.5011356655490822, 1.894747339806186, 1.6453691615386299, 1.0031300255254663], [0.57799442896935938, 0], 157.37354803085327], (0.5808656036446469, 0), (0.63498738435660218, 0)]}, [(0.82138919514884234, 0), (0.19636445242369838, 0), (0.67796610169491534, 0), (0.68819031435853872, 0), (0.5808656036446469, 0)], [(0.80173347778981585, 0), (0.25629629629629624, 0), (0.69521178637200731, 0), (0.73170731707317072, 0), (0.63498738435660218, 0)], 17634.716012954712]

Total Runtime: --- 17634.7166421 seconds ---


------------------------------------------------------------
Sender: LSF System <lsfadmin@n2g2-11>
Subject: Job 628071: </share2/aagrawa8/miniconda2/bin/python2.7 DE_topics.py _topics SE6> Done

Job </share2/aagrawa8/miniconda2/bin/python2.7 DE_topics.py _topics SE6> was submitted from host <login03.hpc.ncsu.edu> by user <aagrawa8> in cluster <henry2>.
Job was executed on host(s) <8*n2g2-11>, in queue <shared_memory>, as user <aagrawa8> in cluster <henry2>.
</home/aagrawa8> was used as the home directory.
</home/aagrawa8/topics_de> was used as the working directory.
Started at Tue Nov 15 18:43:23 2016
Results reported at Tue Nov 15 23:37:18 2016

Your job looked like:

------------------------------------------------------------
# LSBATCH: User input
/share2/aagrawa8/miniconda2/bin/python2.7 DE_topics.py _topics SE6
------------------------------------------------------------

Successfully completed.

Resource usage summary:

    CPU time   :  17635.77 sec.
    Max Memory :       485 MB
    Max Swap   :      1628 MB

    Max Processes  :         3
    Max Threads    :        23

The output (if any) is above this job summary.



PS:

Read file <./err/SE6.err.628071> for stderr output of this job.

