Target Label: yes

Runtime for 1 loop of DE termination: --- 1263.03158689 seconds ---


Runtime for 1 loop of DE termination: --- 1513.56890917 seconds ---


Runtime for 1 loop of DE termination: --- 1371.47473192 seconds ---


Runtime for 1 loop of DE termination: --- 1612.44010878 seconds ---


Runtime for 1 loop of DE termination: --- 1373.69262981 seconds ---

[{0: [[[55, 0.3061593236744016, 0.9966667462388747], [1.0, 0], 1209.7248589992523], [[1.575681307745208, 2.1695691014016942, 1.859118456130709, 1.9744574339816359, 1.847791444310411, 2.788085070929193, 2.8164465052663967, 1.856477908111473, 1.859363788653093, 2.127973283882726, 2.6275329848472375, 1.5241308186694602, 2.0279975275543167, 1.5865190867509602, 1.8991696755131227, 1.3036110868573059, 1.902646518210451, 2.4425696181855336, 2.134615564278894, 1.1402577607455227, 2.627685892618917, 2.580230299738642, 1.752813292203351, 1.1104489372000415, 1.8260570773067337, 2.7342419203162143, 1.2213930807674227, 2.180279917085753, 2.157200068306908, 1.7947933459801042, 2.273958198418356, 1.6623473488784095, 1.3016633841421914, 2.8458067942257657, 2.34680924611412, 1.787855461444396, 1.6775969109009714, 1.5068220465931736, 2.0414600050342786, 2.814046136427109, 2.2528356009647617, 1.5640665258704651, 2.597989971729569, 1.9329029859879883, 1.4618028450350755, 2.363138983816345, 2.93033634446468, 1.4887488543928473, 2.639149498640364, 1.447106369778517, 2.781422733273682, 1.024204240549498, 2.7115294583834153, 2.0326719811311103, 2.6624499786306433], [0.78804347826086951, 0], 53.30672788619995], (0.7366071428571429, 0), (0.73053368328958879, 0)], 1: [[[77.3, 0.3977735933372229, 0.7827103533986639], [1.0, 0], 1425.0798921585083], [[1.2574460789589033, 2.5760235810779415, 1.0135783943462155, 1.2747220036818399, 2.7199462245385306, 1.9420779685795415, 1.0502601506543898, 1.708204293769291, 2.835391111187472, 2.89884526440864, 1.095530426468475, 2.2045947422980063, 2.1905924590644448, 2.20870344875848, 1.0396967034713684, 1.4806086691590794, 1.486360384938467, 2.8756484126759263, 2.441264933207279, 1.939878908611905, 2.453630575042313, 2.236263592831942, 1.5137427190447916, 2.412703425676918, 2.093505719520264, 1.0521556520505588, 1.8137604999841241, 2.6367435384852698, 2.383536917815113, 2.8096942624323775, 2.822338610177357, 1.8239011809549852, 2.3504393005379347, 1.7452390666162243, 1.0446763558155898, 1.0735926043672155, 2.2671504608382085, 1.772816921841777, 1.4301813774819587, 1.3564906844213205, 1.2380810774290236, 1.9783483020218875, 1.4124882507169199, 2.7391780269305186, 2.2834939152357316, 1.823871585610222, 2.541627925414641, 1.8632525661063837, 2.649004018534016, 1.0450735551701926, 2.1094153291904867, 1.0530765000840074, 1.3115709012318708, 1.6990553928915866, 1.0572377672178546, 1.79914838071259, 1.82398452559633, 2.156097087466657, 2.3115521477673506, 1.9370657083299445, 2.1114999074563787, 2.017057220581968, 1.91544939092092, 2.162875596462187, 2.1961045874995015, 2.289408612003758, 2.562281027167755, 2.3616509320696064, 1.059314826553665, 1.392363692585046, 1.9390381344445855, 1.8855862032084147, 1.2168780319878794, 1.9880378043253488, 2.437314568065476, 1.4194076210847213, 2.6604365902506206], [0.82585278276481144, 0], 88.48901700973511], (0.64881565396498464, 0), (0.6889763779527559, 0)], 2: [[[51, 0.6296323555676462, 0.4482286293920881], [1.0, 0], 1309.4580919742584], [[2.0370321034477867, 3, 2.692656691196801, 1.5664194198125647, 1, 1.053688236248231, 1.7377321808515989, 2.5098362793300413, 2.106953121301455, 1.9535461256965678, 2.631618571105081, 1.8040231832203655, 2.4669609494546734, 1, 1.9433661174628527, 1.7069792573821552, 1.3823414920269108, 1, 1.4035661388426577, 2.993792820483707, 2.0967352430655235, 3, 1, 3, 1.1709085905627146, 2.4803295066631312, 2.2530638880062828, 3, 2.6367167926724036, 1.624728852795793, 2.6256189517528554, 2.970566615234526, 2.324764240225755, 2.0903497621724916, 1.8675520940079975, 1.307209458505326, 2.6272497063931377, 2.4653366074168406, 3, 2.544404618987075, 2.9231160069543263, 2.7173603119051215, 1.8891582550487112, 1.8575125952473053, 3, 2.648271459829193, 2.4809281084932726, 1.3920989793288083, 3, 1.7839224054519107, 3], [0.74999999999999989, 0], 62.016639947891235], (0.70635721493440962, 0), (0.70084666039510812, 0)], 3: [[[100, 0.9043327151198527, 0.9255471390690639], [1.0, 0], 1403.0840878486633], [[2.245011938636995, 1.4164750476697665, 2.6088366288645726, 2.249499398455545, 1.9821113517024938, 1.1302265515395933, 2.7766539507953993, 2.398324733823313, 1.3112760882799739, 3, 1, 1.254711761638661, 2.850184182874026, 3, 3, 3, 2.6212763482585153, 1.7966906597927332, 1.7297133417833872, 1, 2.65286135478704, 2.576231111166941, 2.6790294083036894, 3, 1.4618872373541822, 1.4938359552606837, 2.8797810163099586, 2.6018178227622917, 2.03001057011492, 2.2426366133649127, 3, 2.789172478670747, 1.3438742884579782, 2.464445209073587, 1.614214064168365, 1, 1.9119096437157048, 2.5148067603119753, 2.4488884723186106, 1, 3, 2.130014229803295, 1.624065417561758, 1.7507868257984072, 2.3063916286375323, 3, 1, 1.4178976989119059, 1, 1.6134298910232077, 1, 2.6482838623813385, 3, 2.48072439503943, 2.1387488790794404, 2.2701599523224814, 1.4532541379890276, 2.272841237318665, 2.5225495612356283, 2.1313141773254625, 2.917853489516549, 2.5727740458642643, 2.86588622184256, 2.684555525700537, 2.3615406412257465, 2.8797370196272385, 3, 1, 1.0020107293409724, 1.884894846499014, 3, 1.5399365938039402, 1, 2.937536974973596, 1.4082594589485635, 2.4145920527409293, 2.5085533067804926, 1.736312156267644, 1, 1.665206649883053, 2.895298763353049, 2.1577392474140717, 2.8386469732518713, 1.6726327435281398, 2.2716106706053956, 1.4772816584874875, 2.4124529280407363, 3, 3, 3, 2.3693881287617105, 3, 1.180970054267635, 2.4513060732585776, 1.4098940724717828, 2.0475084488324735, 3, 2.636219447389661, 1.7723401842862792, 1.9065833018629414], [0.61452513966480449, 0], 209.3560209274292], (0.33127360109852383, 0), (0.60195635816403315, 0)], 4: [[[63, 0.7990325046625313, 0.9191853679751159], [0.75, 0], 1283.7311120033264], [[1.6956528709947234, 2.666273726563717, 1.3407438349779712, 1.6028115958421503, 2.6297143322276018, 2.175919397394574, 1.0659201968063412, 2.9747322151752726, 2.8884869003173854, 2.2313822656927766, 2.8365503188494205, 2.384348680637959, 1.2881523161918635, 2.5904093867509563, 1.2067982748234745, 1.642719496216638, 2.7283740808220163, 1.8209086958274525, 2.752822285038163, 2.8764575019519465, 2.155780220284605, 2.2600223650592124, 1.73157535453083, 2.702130983228118, 1.8315892764901438, 1.8701497472194788, 2.6456609188068354, 2.0053434824543244, 2.344016386168155, 2.108437869433758, 1.761885034877768, 2.08993246441247, 2.4787910201948242, 1.0872901795531864, 1.83871281237928, 1.581903795090976, 2.45947538223101, 2.9791987130340924, 2.804657074924191, 1.5470632434182838, 1.7761971138366217, 1.6890367580447272, 2.332216270675035, 2.459116708905506, 1.660748462428892, 2.9780542001599133, 2.8160177326646183, 2.747246514207845, 2.4988612417352973, 2.0908809475783716, 1.9780915303946156, 1.1572139543100712, 1.6276701388196413, 1.7909110758896658, 1.8714256518146493, 1.1152158633450822, 2.4428792134209636, 1.9639488634402325, 2.2921083773506044, 1.6696637627027322, 2.3238215571523804, 2.0072145975014495, 2.6800029678040316], [0.69749216300940442, 0], 89.96151781082153], (0.49476439790575921, 0), (0.67108533554266792, 0)]}, [(0.7366071428571429, 0), (0.64881565396498464, 0), (0.70635721493440962, 0), (0.33127360109852383, 0), (0.49476439790575921, 0)], [(0.73053368328958879, 0), (0.6889763779527559, 0), (0.70084666039510812, 0), (0.60195635816403315, 0), (0.67108533554266792, 0)], 7134.487307071686]

Total Runtime: --- 7134.4877429 seconds ---


------------------------------------------------------------
Sender: LSF System <lsfadmin@n2g2-10>
Subject: Job 643343: </share2/aagrawa8/miniconda2/bin/python2.7 DE_topics.py _topics SE6> Done

Job </share2/aagrawa8/miniconda2/bin/python2.7 DE_topics.py _topics SE6> was submitted from host <login04.hpc.ncsu.edu> by user <aagrawa8> in cluster <henry2>.
Job was executed on host(s) <8*n2g2-10>, in queue <shared_memory>, as user <aagrawa8> in cluster <henry2>.
</home/aagrawa8> was used as the home directory.
</home/aagrawa8/topics_de> was used as the working directory.
Started at Mon Nov 21 22:46:00 2016
Results reported at Tue Nov 22 00:44:56 2016

Your job looked like:

------------------------------------------------------------
# LSBATCH: User input
/share2/aagrawa8/miniconda2/bin/python2.7 DE_topics.py _topics SE6
------------------------------------------------------------

Successfully completed.

Resource usage summary:

    CPU time   :   7134.98 sec.
    Max Memory :       446 MB
    Max Swap   :      1587 MB

    Max Processes  :         3
    Max Threads    :        23

The output (if any) is above this job summary.



PS:

Read file <./err/SE6.err.643343> for stderr output of this job.

