Target Label: yes

Runtime for 1 loop of DE termination: --- 4716.18358421 seconds ---


Runtime for 1 loop of DE termination: --- 5179.64906383 seconds ---


Runtime for 1 loop of DE termination: --- 4724.72086811 seconds ---


Runtime for 1 loop of DE termination: --- 5128.96544504 seconds ---


Runtime for 1 loop of DE termination: --- 4699.88322306 seconds ---

[{0: [[[62, 0.3685308559428889, 0.6804444104848762], [0.75, 0], 4335.146555185318], [[2.513712338410983, 3, 1.409432071268169, 2.0343024718826737, 2.5531804981720456, 2.587958661004223, 1, 1.6328805527452324, 2.351920563951694, 2.280684301090852, 2.2707440484039965, 1, 1, 2.949650885236749, 2.170993522930898, 1, 3, 2.5362289656173655, 3, 1, 1, 2.095645592222822, 1.7292753178330733, 2.4968297089341607, 2.7262487350416835, 1.6167917421760563, 1, 2.582676619192054, 2.1223841790586757, 1.6209963814410517, 3, 1, 3, 3, 1, 1.959596359111805, 1.9642897809196744, 2.1268402223337968, 2.759688550092898, 1, 1.2241500525697122, 1.0172337319364586, 1.260718934520733, 1, 3, 1, 1.3454764551509848, 3, 2.6281592159724094, 2.6046629771063166, 1, 2.093775219254792, 1.7006040866079952, 1.7742034321255589, 1.618498136429856, 2.6313235931583083, 1.7983642678805065, 1.4419488182847071, 1.5244431955504831, 1.8706681257217683, 1.2672319838762234, 1], [0.3298611111111111, 0], 381.03702902793884], (0.33906399235912127, 0), (0.34791252485089463, 0)], 1: [[[80, 0.9421400577553573, 0.8905827653484059], [0.75, 0], 4112.527605056763], [[1.9484298143789336, 2.404121960316322, 3, 2.652975731314835, 1, 1, 1.3345117940306295, 1, 3, 2.7982078605280734, 2.3946598667721375, 2.382043203128205, 2.32333314271507, 1.093276857577285, 1, 1.7338904632783465, 2.5213773395592565, 3, 3, 1, 1, 2.6098588504705633, 1, 1.0720620942291055, 2.8854918017479174, 1, 2.081532593814136, 1.2007388709718092, 2.09748510985146, 2.6330520331701393, 1.7940159950541517, 1, 1.6433823355586197, 3, 1.6416030978880265, 1, 1.1854849369092224, 1.9414103326270027, 1.9383790742806648, 1, 1.7049116513956593, 1.8147379923020914, 1, 1, 3, 3, 2.875787067241334, 1.6741108078100497, 2.7016067312910583, 1, 2.29343078119339, 1.0479773736398452, 2.3990648343134415, 1.9188281056613206, 1, 1, 3, 3, 1.315637252285231, 1, 2.2644594981375463, 1, 1.2538629847215477, 1.9225627205541496, 3, 1, 1.9647494406567778, 1, 2.654266321827319, 2.018900896137147, 2.0676896570271874, 2.7197518157369878, 2.9624167564918324, 2.1442042647349533, 3, 2.0710314402834515, 3, 3, 1, 1], [0.31716417910447764, 0], 1067.1214587688446], (0.43184885290148445, 0), (0.42452830188679253, 0)], 2: [[[68, 0.4865502156310496, 0.6252217376688338], [0.75, 0], 3945.988680124283], [[2.452883546363981, 1.5007039563642168, 1.245091904108445, 2.994245390384969, 1, 2.1876532491030587, 2.902082158386135, 2.9319975675927585, 3, 1.511544417463707, 1.5520323063227246, 1.832833581010828, 1.8995916972751417, 1.9581457252288859, 3, 1.6408435041768983, 3, 2.4999394916634956, 2.0117794834876443, 2.6237155355396333, 2.5623398751181083, 1.4120791387964107, 1, 1.923327737730295, 1.382974919131829, 1.381144965081085, 1.670141798103859, 1.496758557686072, 1.4666411581848255, 2.1714545172123594, 2.485060096259706, 1, 1, 2.4577876774522505, 2.627198519685428, 3, 3, 1.5167683929202522, 2.593263332855969, 2.97660421758305, 2.0927656464734348, 3, 2.523429027852454, 2.441727028840876, 3, 1.17517904543115, 1.8839957716555584, 1.2298275888607324, 1.5810295963360872, 3, 1.8890754571386938, 2.303706764363912, 3, 2.952853715626606, 2.4987679293959677, 3, 3, 2.4766501599762036, 2.958627180449551, 1, 1.7523098802080905, 1.553042160931843, 1, 1.102316867136565, 1.0201016892221442, 1.3806804868746059, 1, 2.4177549080845964], [0.23557126030624262, 0], 778.7321879863739], (0.25850340136054417, 0), (0.24271844660194178, 0)], 3: [[[70, 0.9855188914454209, 0.3908428354587529], [0.75, 0], 4318.072501182556], [[1.596993526523678, 1.6358147549310909, 1.259794233175382, 2.824815399312632, 1.721167313807722, 1.4469542774033355, 1.5787182519132483, 1, 2.20295844424302, 1.4863925437698022, 1, 1, 1.5603659149564226, 1.345460713250533, 2.0121017738660294, 3, 1.8077410511517957, 1.241515421823503, 1.3495784090479035, 1.8210297390303405, 2.12110327513639, 1, 2.397494148396899, 1.076492313560352, 1, 2.3812261872315297, 1.7127628970965711, 2.0137267754467425, 2.4789688304690287, 1.6118818789798413, 2.3305927583523216, 2.288539943463249, 2.2712934123081556, 1.1960318290761955, 1.9608508947713652, 2.168404145356171, 1.1883025967734893, 2.919315543466164, 1.3655004393655747, 3, 2.001476965889785, 2.107293119860301, 1.8607483994162388, 1, 1, 2.269586631156445, 1, 1.3579933562973785, 2.259261692917151, 1.8308071433825128, 3, 1.6675244860291332, 1, 1.1763339901245509, 2.7899864852490603, 1.8933696541864167, 1.1448041239542253, 1.3279712133536803, 1, 1.9202309033940326, 2.4758087443119057, 3, 1.726328151834239, 2.4339016077010722, 1.329113265139716, 2.905624353219155, 1.814073312805867, 2.122673924810815, 1.8231633030939594, 1.4808813851957594], [0.28467153284671531, 0], 810.8929438591003], (0.28838342810722983, 0), (0.28371710526315791, 0)], 4: [[[59, 0.8503811484266203, 0.7650418655930322], [0.75, 0], 4123.303421020508], [[1.227260981789362, 2.7174039363966505, 1, 1.269492155836337, 1.8074046359760387, 1.7681077295130794, 1, 1.9129208680046768, 2.895021310000466, 2.084319523023058, 3, 1.3894163765455536, 1, 2.362120501100092, 1.5108242632635065, 2.2297995709763647, 3, 2.80004611473103, 1.3104762463021395, 3, 2.121796252443866, 2.2084647844261553, 2.203460856486784, 1.413228578594719, 1.5172484346059067, 1, 1.7267872226593681, 1.9366716827089308, 2.677625863471369, 1, 1.6155779234234502, 1.2019329299636574, 2.5453137004283763, 2.1566446305533344, 3, 2.474645484746559, 2.0668081797520768, 1, 1.6150864478182974, 2.5804510904130606, 1.0101303640930281, 1.9297895876868125, 1.279347505743912, 1.1303252876258114, 3, 2.830607323273258, 1.5895150369212665, 2.611021572082121, 1.1472711491996122, 3, 1.3906146019115013, 2.498589334890754, 2.0101309934510105, 2.1087498863486127, 2.8132559435602813, 3, 3, 1.332027985652446, 1], [0.31523642732049034, 0], 576.5798020362854], (0.32967032967032966, 0), (0.33396946564885499, 0)]}, [(0.33906399235912127, 0), (0.43184885290148445, 0), (0.25850340136054417, 0), (0.28838342810722983, 0), (0.32967032967032966, 0)], [(0.34791252485089463, 0), (0.42452830188679253, 0), (0.24271844660194178, 0), (0.28371710526315791, 0), (0.33396946564885499, 0)], 24450.22832918167]

Total Runtime: --- 24450.228718 seconds ---


------------------------------------------------------------
Sender: LSF System <lsfadmin@n2g2-11>
Subject: Job 643344: </share2/aagrawa8/miniconda2/bin/python2.7 DE_topics.py _topics SE8> Done

Job </share2/aagrawa8/miniconda2/bin/python2.7 DE_topics.py _topics SE8> was submitted from host <login04.hpc.ncsu.edu> by user <aagrawa8> in cluster <henry2>.
Job was executed on host(s) <8*n2g2-11>, in queue <shared_memory>, as user <aagrawa8> in cluster <henry2>.
</home/aagrawa8> was used as the home directory.
</home/aagrawa8/topics_de> was used as the working directory.
Started at Mon Nov 21 22:46:00 2016
Results reported at Tue Nov 22 05:33:31 2016

Your job looked like:

------------------------------------------------------------
# LSBATCH: User input
/share2/aagrawa8/miniconda2/bin/python2.7 DE_topics.py _topics SE8
------------------------------------------------------------

Successfully completed.

Resource usage summary:

    CPU time   :  24451.44 sec.
    Max Memory :      1596 MB
    Max Swap   :      2804 MB

    Max Processes  :         3
    Max Threads    :        23

The output (if any) is above this job summary.



PS:

Read file <./err/SE8.err.643344> for stderr output of this job.

