Target Label: yes

Runtime for 1 loop of DE termination: --- 23832.636091 seconds ---


Runtime for 1 loop of DE termination: --- 17737.1554501 seconds ---


Runtime for 1 loop of DE termination: --- 23602.2262039 seconds ---


Runtime for 1 loop of DE termination: --- 17558.7548571 seconds ---


Runtime for 1 loop of DE termination: --- 17063.6868379 seconds ---

[{0: [[[119, 0.9883526819416518, 0.46660214744726], [0.75, 0], 15948.324709892273], [[1.2915001705481282, 1.2068799746145806, 1.3356411878693444, 1.486645723727928, 1.8193232668303363, 1.921816480485734, 1.2784496739493285, 1.8076761365674738, 1.9583801116626591, 1.3286028732749564, 1.8305395990130489, 1.4391472774506642, 1.8011780450429793, 1.5984738235433937, 1.5267611552799147, 1.535283316616739, 1.187523039843284, 1.0822369526878268, 1.711745542540827, 1.2083709844944437, 1.7711501219504653, 1.4899437937255344, 1.038907888882611, 1.2237337594310085, 1.7138724602139406, 1.2277702145551541, 1.1333806034522067, 1.2569485396664124, 1.4823533962980933, 1.5431102558149006, 1.003192186778207, 1.219446858360162, 1.1069244901289323, 1.0049984024230387, 1.2563861153172906, 1.9377202482976577, 1.6793641863945528, 1.5927226767912326, 1.799228036623463, 1.3254075617806316, 1.8142476987497278, 1.4961022228648453, 1.2054050338754396, 1.3534442266501545, 1.379396270264925, 1.1589296866074694, 1.67296005716578, 1.9294932868748602, 1.6847861359229184, 1.5518851407701004, 1.2431752813655104, 1.177220099760326, 1.2540663018515628, 1.5267290092852708, 1.0588299601736642, 1.0783111068897102, 1.3345155710289998, 1.5290440874180307, 1.4491487954684485, 1.7523850019606604, 1.9653614129790293, 1.8000730465871142, 1.0241927804849214, 1.7098860931218036, 1.3384853023831884, 1.500140555777646, 1.261110098212558, 1.4611059814045055, 1.0196242779052178, 1.6090397012540036, 1.801513172521695, 1.999159781229198, 1.382869287269449, 1.9041289101480023, 1.6821314459247034, 1.8225417600523683, 1.5896631536894446, 1.176070771115997, 1.9551824725578597, 1.2080302153834546, 1.9807364067935969, 1.0833871447822587, 1.5617829214728811, 1.752070203642222, 1.7926905939935835, 1.227071532097974, 1.4147306579967291, 1.2852810532572707, 1.3931819248221622, 1.0612580610702804, 1.6213083030992779, 1.5987479574165304, 1.9990056494246609, 1.589944259520152, 1.325995155358992, 1.134334298106689, 1.1105262264014737, 1.1120994306703818, 1.0074700710053537, 1.7518894407327967, 1.196964106125388, 1.985575382931604, 1.086216714206464, 1.340756452334718, 1.3322222753328936, 1.145786554787368, 1.6678197545271911, 1.687156542386019, 1.799584021442139, 1.6936363302269188, 1.2309145859325137, 1.6496670838978948, 1.106588652906207, 1.889701369367535, 1.233598634107972, 1.1506216400055016, 1.7764344059840682, 1.4397788469092876, 1.1412320776831382], [0.16310461192350958, 0], 7884.311381101608], (0.234375, 0), (0.1886209029066172, 0)], 1: [[[125.8, 0.4071840439779777, 0.8470821689289975], [0.75, 0], 14146.387835979462], [[1.862547190958771, 1.7149049064992457, 1.7627775557239806, 1.687066838704146, 1.3797174664071787, 1.6093295309753852, 1.885007598623361, 1.8637015866439428, 1.0119014230230718, 1.9595113429903241, 1.1484711368542957, 1.0585458952845115, 1.3301021602499694, 1.0198994986403387, 1.6021947792999216, 1.0701312525484865, 1.8247325936671546, 1.764284858829413, 1.6799760256532714, 1.08742703868365, 1.1721071104781218, 1.1313402796848777, 1.0853581377333266, 1.5459719657223314, 1.5217615496486419, 1.4735700372125642, 1.1086725506724613, 1.3547636543262702, 1.2025398015007174, 1.6463405887715916, 1.8142211856758537, 1.8258927763133546, 1.1728362044903282, 1.5654403139576756, 1.6387328008153208, 1.450158359881263, 1.1162675641605744, 1.149952124641952, 1.0542380760035952, 1.22788494243864, 1.5810749375083075, 1.2382682010245798, 1.9050456567727334, 1.261743213638339, 1.4827660433265217, 1.069889787235557, 1.5548003778150679, 1.4443046799367676, 1.9218068616907957, 1.2905574001889373, 1.929469002468347, 1.859059987161694, 1.7711091499371792, 1.7394098508036806, 1.0614115456359159, 1.5902094016984838, 1.3571122012712888, 1.2367521269494526, 1.952308146849429, 1.5790254553440737, 1.0739436917782934, 1.4206064523640007, 1.9860803517491519, 1.996722411868367, 1.4119404060439333, 1.2490747962563682, 1.0081676624503304, 1.8212548993859372, 1.4269965148496975, 1.7694016617602757, 1.9273024149755602, 1.0692572632676676, 1.9895327711136384, 1.6425662017862415, 1.228245752526023, 1.0299889060889595, 1.2960192882508619, 1.7416830680583733, 1.5810537269550249, 1.1658833401258857, 1.6444851205608146, 1.193457800981718, 1.1147676642095132, 1.7003943070621657, 1.9431819688356833, 1.3241713635752237, 1.4150533602416484, 1.5822967195062279, 1.211702279026162, 1.9037337171506838, 1.9212943200147765, 1.3417881255796573, 1.488137138457799, 1.244612728267966, 1.0491191846511732, 1.3219633626299852, 1.4237770199659434, 1.4734281190785254, 1.2585224638495691, 1.1947600866075763, 1.6879692171086909, 1.7054868817775004, 1.2237723191346124, 1.2398336980275917, 1.280366074721989, 1.0882053548918527, 1.7820972700221163, 1.4739823529864724, 1.0329881012714561, 1.104829477250059, 1.9821926903838607, 1.3861366639197736, 1.9256799629961483, 1.8895079531554833, 1.834018859642474, 1.7473954991026643, 1.6040560868020322, 1.8451972244856034, 1.0873746048390203, 1.0555591117061862, 1.4996905600180712, 1.426212382827218, 1.6266528801777953, 1.0728217693423194, 1.3751208805683235], [0.3012048192771084, 0], 3590.7676141262054], (0.28937381404174578, 0), (0.28293135435992578, 0)], 2: [[[149, 0.694088111858147, 0.1333350698130265], [0.75, 0], 15813.643111944199], [[1.549728042610519, 1.736806261162501, 1.8693079561151613, 1.8685961115956302, 1.5325882609711876, 1.591641949452038, 1.156504683848448, 1.8328476774888052, 1.7643082215575177, 1.443720566631393, 1.7737286935797254, 1.2989790495836595, 1.420788689764016, 1.6419084740797745, 1.1180184713448593, 1.8273370458880271, 1.2412830730789464, 1.1751567237790201, 1.644073963622552, 1.8442394087344363, 1.9824688129309425, 1.963744590120791, 1.3456678083462292, 1.5289328230277932, 1.0350760039567128, 1.3858670421597528, 1.491460995854378, 1.7568227414425184, 1.666500168709863, 1.6631777721394463, 1.0444305615941136, 1.9302722578113962, 1.8815568285096318, 1.7581835773781076, 1.4154743663601714, 1.889688767356047, 1.923784117277811, 1.4009310249711255, 1.7171750980330724, 1.5582149637692833, 1.9966871604467857, 1.3654585963361354, 1.3975361591686863, 1.4709776280778324, 1.0579428220777536, 1.6886566348364789, 1.0534274519158526, 1.3155300644237111, 1.4370063367782446, 1.7536052800475628, 1.6808808008930132, 1.2130711377221821, 1.7102808877188047, 1.6897535092644216, 1.3981959001373934, 1.1275184219761147, 1.0727497756063942, 1.665407914657568, 1.8175811863191798, 1.5375627685967794, 1.916125506969923, 1.931894313491711, 1.2160775164990385, 1.1232230671490882, 1.7192273524154849, 1.9169113769909671, 1.9233012955379918, 1.3757145335545802, 1.5011877528062991, 1.201125861964471, 1.6625215531290594, 1.0311170791997082, 1.7289945007618677, 1.135375129045364, 1.2281492934821647, 1.4967893700359474, 1.9342502417407408, 1.1626321540553233, 1.5776203945827727, 1.2503892036974236, 1.9299528566187851, 1.9116683008442368, 1.3336164696785424, 1.8931115659248565, 1.018921740198278, 1.618175124067298, 1.177167524374548, 1.6701209612862855, 1.952251746233733, 1.0425616755892433, 1.8293493443253883, 1.0068204428292697, 1.815793872696449, 1.9063876471878922, 1.6473301511290368, 1.47507228572448, 1.0014017857051112, 1.180165037817476, 1.9340778559342233, 1.5742147206720787, 1.17849141833514, 1.639067795134145, 1.1404275255146872, 1.244077425376785, 1.0903555908348674, 1.166729887598563, 1.0378216651650314, 1.1231146601811342, 1.7229448676119778, 1.0481949746037433, 1.2167352691548086, 1.5107439960353273, 1.326171351776642, 1.0626769258691704, 1.3779954132118348, 1.1323705923113496, 1.8971634681323681, 1.8776767598208337, 1.984406524678234, 1.6762901390482732, 1.6060879413354292, 1.2519135698123594, 1.164480118680158, 1.2245481790677277, 1.1301643241504735, 1.749841030509838, 1.937351349074802, 1.5728548479695923, 1.9614241774538053, 1.2024150299366165, 1.4957733387879628, 1.0055057954982223, 1.690835421970179, 1.8563180698985553, 1.0999363307497942, 1.656915461173138, 1.1290164891215322, 1.2784541985101419, 1.6875744322013566, 1.43312895433248, 1.4893194288820404, 1.9103339140307418, 1.1329337341841104, 1.0153212510813252, 1.8946828500547777, 1.3022771860683306, 1.2528986643707347, 1.5851552687814237, 1.799975479301173], [0.24647887323943662, 0], 7788.583091974258], (0.2177068214804064, 0), (0.19601542416452444, 0)], 3: [[[98, 0.243578582622646, 0.6008985663569535], [0.75, 0], 15639.790739059448], [[1.2879440635892827, 1.5824319897515673, 1.665251173022073, 1.3707108629832687, 1.7272948187316421, 1.9014360368975685, 1.686427889518197, 1.6254703280695881, 1.3353677371000017, 1.7446273730244157, 1.8454253290153644, 1.0878519548432593, 1.4306573956165731, 1.7259207572175166, 1.2249106684729467, 1.1736879598413164, 1.686764365073942, 1.2423013084534296, 1.2047640544834586, 1.9041372415346103, 1.070959595062913, 1.4052945231736578, 1.8246403514856313, 1.9601792218809528, 1.6448018279963992, 1.6431377298720946, 1.659098397163465, 1.1754452607546566, 1.0924800808093855, 1.4904176439059587, 1.146859241018797, 1.3061817936211197, 1.8702727079426413, 1.1588105984059407, 1.764987021322818, 1.9922404858687113, 1.631769781500522, 1.9424157079568807, 1.4752078527766082, 1.9244830349020572, 1.0395972619489293, 1.4198281721351855, 1.9493812175449963, 1.793220388334943, 1.3376220354834487, 1.8709749014698613, 1.0144110909457016, 1.0820655678646989, 1.1769496045154717, 1.3950822758115886, 1.1858775182073993, 1.302722896000569, 1.048731251778452, 1.0598831822847345, 1.6615351379729444, 1.1580077035592615, 1.7466351307138253, 1.6944276219182357, 1.4906244792862522, 1.4579118285360448, 1.2002229361397176, 1.0143443929468048, 1.626355739977499, 1.5625999680305283, 1.5336547131092022, 1.649011515896741, 1.7495896116516567, 1.1542383411039947, 1.1677286404638016, 1.9509854526353907, 1.3126097418730382, 1.3399089386633734, 1.014697670180758, 1.7851746580578622, 1.2917450113545477, 1.123940185246895, 1.2813526239745785, 1.4201964000324947, 1.0941245624968872, 1.5779517011461368, 1.9301114715568353, 1.604298345245105, 1.4143835638728521, 1.463555940101597, 1.2051549159778927, 1.815415656433808, 1.2897585010962667, 1.7370327650069561, 1.1071038294246507, 1.532713472898106, 1.7974489833356349, 1.9151542872685003, 1.5013258926789188, 1.9724473360937185, 1.0794864701750773, 1.9935221191756352, 1.6692342074162974, 1.0861436059179408], [0.28481012658227844, 0], 1918.9641180038452], (0.29436860068259385, 0), (0.30222222222222217, 0)], 4: [[[135, 0.13578318922839389, 0.9849996495649858], [0.75, 0], 14875.177905797958], [[1.1405313894029598, 1.2946133806062514, 1.7245356370601488, 1.6814924652165217, 1.0533618177056159, 1.803436154485393, 1.6864750490221563, 1.667886275972914, 1.0773325860247187, 1.153490685630878, 1.6034383863708825, 1.7220730323824212, 1.1606374991543422, 1.1950978550673108, 1.7696263345004026, 1.4559648336734874, 1.2201878420377512, 1.631387895341573, 1.7389259615981714, 1.2344721391196443, 1.1742618546837078, 1.739834968122189, 1.3412551557487915, 1.4061456283202438, 1.6461168115084654, 1.9235109923307394, 1.0900806162033247, 1.739045244222945, 1.5602518972778805, 1.214704731557387, 1.0041687435384394, 1.4824336444019224, 1.07073970834338, 1.904703551689419, 1.4845562846012783, 1.579859764364567, 1.6253810505695898, 1.5411118198315457, 1.886397435066368, 1.5641694861628097, 1.9494528892187142, 1.4755516096417145, 1.7306412835292422, 1.020525913581768, 1.1696911700318382, 1.454670701121683, 1.434580115826444, 1.965880178730252, 1.959618069283108, 1.5100716860320285, 1.355469358458418, 1.7092296990862748, 1.116087261970245, 1.7221319625435418, 1.7751464043140395, 1.5563941793808087, 1.7418139601670521, 1.6519752305733044, 1.4232282393346822, 1.4861233727172478, 1.3308079932429462, 1.6512242367031627, 1.8972211582949128, 1.0484161303228738, 1.9966978782384257, 1.645015924646792, 1.812049517692354, 1.880694461335524, 1.7095790105202853, 1.0372743978771288, 1.59786447783818, 1.9583361876461645, 1.8550599417028795, 1.6280523063159498, 1.6690273059034375, 1.058189350772829, 1.1467139949495877, 1.8499553270871671, 1.5983049279073307, 1.2717116280150749, 1.8411310103059604, 1.0089716172355638, 1.747689131736724, 1.0693118324370543, 1.7149885894768762, 1.5380616431237564, 1.4793973047624633, 1.3888345012781642, 1.0267573876622005, 1.3218930600449332, 1.0900404143919113, 1.514215963853322, 1.2325414958314216, 1.2245312350353643, 1.7470244905441588, 1.408553069918461, 1.638550885570655, 1.5028489709178472, 1.9284410800907739, 1.815421491044411, 1.8716054865744525, 1.104128813982857, 1.7912366831803146, 1.751899517282693, 1.4984928378698392, 1.2309856003789792, 1.1582724356189558, 1.6975423053557521, 1.5406615265016332, 1.6234388951777068, 1.940487501623807, 1.3296269497230733, 1.524823160646629, 1.2353134110249173, 1.4417377562460905, 1.124065557667529, 1.6816218395481028, 1.8409900401050765, 1.0676305234062338, 1.2114393921414488, 1.438267498790116, 1.9657482398412072, 1.8917966115502542, 1.7624430273831708, 1.9117438197078889, 1.0054931072696631, 1.9474647659511632, 1.9592716369377419, 1.258177607327108, 1.1349515753169905, 1.7861549151188274, 1.343418464256028, 1.8586700833416376, 1.5327858087370547, 1.1347901048347921], [0.32374100719424459, 0], 2188.5089321136475], (0.27661357921207042, 0), (0.28433945756780404, 0)]}, [(0.234375, 0), (0.28937381404174578, 0), (0.2177068214804064, 0), (0.29436860068259385, 0), (0.27661357921207042, 0)], [(0.1886209029066172, 0), (0.28293135435992578, 0), (0.19601542416452444, 0), (0.30222222222222217, 0), (0.28433945756780404, 0)], 99795.46306681633]

Total Runtime: --- 99795.464565 seconds ---


------------------------------------------------------------
Sender: LSF System <lsfadmin@n3l4-3>
Subject: Job 628072: </share2/aagrawa8/miniconda2/bin/python2.7 DE_topics.py _topics SE8> Done

Job </share2/aagrawa8/miniconda2/bin/python2.7 DE_topics.py _topics SE8> was submitted from host <login03.hpc.ncsu.edu> by user <aagrawa8> in cluster <henry2>.
Job was executed on host(s) <8*n3l4-3>, in queue <shared_memory>, as user <aagrawa8> in cluster <henry2>.
</home/aagrawa8> was used as the home directory.
</home/aagrawa8/topics_de> was used as the working directory.
Started at Tue Nov 15 18:49:01 2016
Results reported at Wed Nov 16 22:32:18 2016

Your job looked like:

------------------------------------------------------------
# LSBATCH: User input
/share2/aagrawa8/miniconda2/bin/python2.7 DE_topics.py _topics SE8
------------------------------------------------------------

Successfully completed.

Resource usage summary:

    CPU time   :  99873.45 sec.
    Max Memory :      1907 MB
    Max Swap   :      2960 MB

    Max Processes  :         3
    Max Threads    :        19

The output (if any) is above this job summary.



PS:

Read file <./err/SE8.err.628072> for stderr output of this job.

