Target Label: yes

Runtime for 1 loop of DE termination: --- 8111.23916292 seconds ---


Runtime for 1 loop of DE termination: --- 7759.215132 seconds ---


Runtime for 1 loop of DE termination: --- 7675.14283776 seconds ---


Runtime for 1 loop of DE termination: --- 7486.7571857 seconds ---


Runtime for 1 loop of DE termination: --- 7694.68704009 seconds ---

[{0: [[[81, 0.9883526819416518, 0.46660214744726], [0.75, 0], 7147.1135840415955], [[2.5300608214720253, 1.8978934760014432, 2.4066346688179383, 2.8052518247455214, 1.2508951823934338, 1.228028204044148, 2.2341759644254084, 2.608501043419494, 1.085482474943342, 1.962629562189952, 2.2997113869454004, 1.7180777795986666, 2.2339089770579763, 1.2496731797356158, 1.0366672794435434, 2.4380414982320304, 1.0497239443761954, 2.4867261073843787, 2.6134093091955277, 1.4233978032665933, 1.820476320328028, 2.6872297908223497, 2.62564938668982, 2.158220040910746, 2.8784601413494055, 1.7705675371563254, 1.611737668754996, 2.1412957403480952, 1.9183897660129026, 1.7945236945565488, 1.272770335996086, 2.3633308315964676, 1.9175099609586632, 1.6660863173961877, 1.1131723417063737, 2.9288453296926624, 1.66759097497748, 2.265558758396851, 1.38075913811716, 1.6624121805545387, 2.5169186665106125, 1.1512969210687418, 2.2623298833451733, 2.714657760446927, 2.6414729846867115, 1.0373703579029983, 2.2472672557797155, 1.3727231862821727, 2.6845641279635286, 1.7769668432405326, 2.2433091114826134, 1.2370204608026947, 2.0507163353223694, 2.794914072317667, 2.830861344888011, 1.2489914569275067, 2.362818522881212, 2.1673085914774086, 1.2318775885472364, 2.7625855953976126, 1.7159079048854557, 2.970192774795408, 2.5168575265062483, 2.243681261407798, 2.0145912165812794, 1.4464149110166225, 1.6841277204557947, 1.82369748697723, 1.163761578835224, 1.2376006359868272, 2.9325152724807477, 1.4135954979966179, 1.495358608642141, 2.685292296827636, 2.1699903781038756, 1.3355660420028654, 2.83995320173271, 1.1481478287315285, 1.1837318957553942, 1.1254779319964276, 1.1422353847610898], [0.29962546816479402, 0], 964.1255788803101], (0.31947261663286003, 0), (0.28546712802768165, 0)], 1: [[[74, 0.16944950332327668, 0.8517095232161008], [0.75, 0], 7092.257208108902], [[2.1734637658181977, 1.6793871501310997, 1.087006723929454, 2.6107791100814017, 1.782598899127118, 2.6569678902793177, 1.7858345419561799, 1.290354996664512, 2.9744752770233025, 2.765529433062553, 2.4710885719830773, 2.4615941490376367, 2.5056001903373923, 2.177744853459702, 1.0649734854282518, 1.69543622400541, 2.207096669305561, 2.2789836927410136, 1.273807805438646, 2.8112267171601504, 1.486484916100383, 1.6938825340381176, 2.342803625421497, 1.1820978202955104, 2.1196060223553848, 2.4173057570304777, 2.146609760262632, 2.3772758023637035, 1.0798112529910013, 1.3203192828398764, 1.3812437770869752, 2.3083381674078893, 2.1492406427760407, 1.1448012717891642, 2.590789867044694, 1.4479577315572174, 2.5543653989016843, 1.7287066696703446, 2.1456308834800133, 1.5694630472330122, 2.70222359898106, 2.946998108046876, 1.4785428213257135, 1.2954172244124655, 1.523154991592219, 1.358678550648283, 1.6616587337129916, 1.6436944947684735, 1.151570724502102, 2.6189031728692838, 2.7314269830578155, 2.837901984354886, 1.8771935628317271, 1.5479867771957112, 2.3057817176786033, 2.76234161981205, 2.233916892529365, 1.0613810328607691, 1.6309095868294248, 2.0573404688188184, 1.9311987569125382, 1.419686592683993, 2.4274052123862075, 1.1345802116028132, 2.5136252386962283, 2.0247818348372357, 1.1145199837915958, 1.862064992737789, 1.535641623077979, 1.8030307686688298, 2.914104168283388, 2.688235561754926, 1.8361718653077672, 2.182832260144347], [0.29411764705882348, 0], 666.9579238891602], (0.32490079365079372, 0), (0.30416666666666664, 0)], 2: [[[89, 0.14432480635935552, 0.6609733198872247], [0.75, 0], 6953.135850906372], [[1.224875614164158, 2.2433719662623206, 1.1473833243675955, 2.256941039175171, 2.390222891778788, 2.360446273091007, 2.221322353779335, 1.5427841768870687, 1.8505758049598946, 1.4004307540766798, 1.7059643824070105, 2.1348777169200064, 1.8380218885095234, 2.4295688218720333, 1.8121270427072542, 1.1690444679984653, 2.8236699859076824, 1.4310736837306541, 2.8805847426971005, 2.98471086271661, 1.9544994156346527, 2.8048985328573366, 2.478980141649785, 1.0205833067536587, 2.38230246816809, 2.2641264643607943, 2.004572824143433, 1.7098524887590725, 2.7808933529993647, 2.6971559920589367, 2.607202599800694, 1.6574013306701216, 2.964196443228344, 2.342810754260325, 2.6448093046503445, 2.926982441697458, 2.6472306148013844, 1.2169753387258808, 2.2429771716056885, 1.183127212536105, 1.8588666745718188, 1.5210620932242913, 2.7836589126536597, 2.0445706880896153, 1.9814828692021673, 2.6887738000352384, 2.581109054295047, 1.5809734177204062, 2.3973491025149443, 1.6768896739037713, 2.5184116216387693, 1.9778048251192268, 2.3137098406143592, 2.75418226492506, 1.8642996320488658, 1.7519519852203396, 1.067585643173647, 2.5069520549979294, 2.8320668281311363, 1.7784966312660593, 1.7737653291169644, 2.2635417710837666, 2.6391514635596307, 1.545142038032461, 2.0919306855951376, 2.197573244691065, 1.0710747150904534, 1.0442080723382854, 2.4036651851512123, 2.507363504787718, 2.685894928587083, 1.5559572507865198, 2.166955044855107, 1.0468315369765433, 1.4905863289735777, 1.1225117787651764, 1.4480735397633588, 1.4699434246732852, 2.163757577484575, 1.9379900532186576, 2.3087454410358657, 1.675228830010377, 2.9543722708691256, 1.47749240609043, 1.5751790229416394, 1.008983939385064, 2.516746557097698, 2.6122656149840413, 1.816917033669396], [0.25954198473282442, 0], 722.0069868564606], (0.25037369207772792, 0), (0.26821457165732582, 0)], 3: [[[68.5, 0.3506802866088017, 0.6275947879979198], [0.75, 0], 6751.89039683342], [[1.0727765360930597, 1, 2.2214549134461294, 2.354823964213892, 2.226414914330369, 1.2588593866897992, 2.570504225255833, 1.3617896721036384, 2.4223488118809264, 2.093684022647325, 2.907701646927822, 2.6525424483489894, 2.520895448117379, 1, 1, 2.2949194253143683, 2.2435859590562726, 3, 1.3563999531040953, 3, 1.4880815188580605, 3, 1, 1.6673428007265687, 1.6987800435202538, 2.277824971930924, 3, 2.6611040658861276, 1.354884959512935, 1.8654196221225179, 2.945236033319759, 1.6614507641656495, 2.334913128822703, 1, 1, 1.3979683405013132, 3, 2.2962803320295926, 3, 2.681858207079226, 2.32502464225772, 1, 1.3534669096698542, 2.5785298621335673, 1.087793097689568, 2.628779248754702, 3, 1, 2.124639990649114, 2.1220575433924846, 2.3794493029096135, 2.5688771829706636, 1.1863139570332977, 2.7532582626558426, 3, 2.3050350344482147, 1.9428974573683595, 1.5417858542884912, 1.0440889025817077, 2.9366106084707146, 1.5796325690897817, 2.763171844474815, 1.402252841998601, 1.5359147129721626, 1.776747733041967, 1.2105726785388626, 1.7650786705362904, 1.5522450021392666], [0.29059829059829062, 0], 734.8667888641357], (0.30701754385964913, 0), (0.29838022165387895, 0)], 4: [[[70, 0.3857135329120347, 0.8125843370118653], [0.75, 0], 6766.670059919357], [[1.0461756168455907, 2.708326345824092, 1, 1.556241365737221, 1, 1.6347271140931425, 1.3045700747148299, 1.294676580953114, 1, 2.1645124619770515, 1, 1, 1.1833212287946968, 1.021509463009955, 1, 2.514832684135334, 1.0366806305091198, 1.6551972279989204, 1.966951061764617, 1.5651969330107103, 2.490397611997615, 1.9011873079741544, 1.4342965179066351, 1, 1.7092247489340289, 1.184029998542231, 2.980006443906338, 2.369948955922785, 2.3230993052156315, 1.4433971128523326, 1.7872585458586798, 2.2927413764608557, 2.2002106928705154, 2.5081281915048113, 1.543247923820562, 1, 1, 1.404953371434057, 2.220477602187814, 1.592246512396605, 1.041064612448786, 2.5897204680343755, 3, 2.2300751926067504, 2.6820562505805583, 3, 3, 2.826187762046388, 1.7903812831326356, 3, 2.9822509662841497, 2.5059062773271608, 1.75852252160118, 2.497346261900052, 1, 3, 2.5057097842422613, 3, 2.8008004585605875, 2.23166901547374, 1.7423343903610906, 3, 2.2692494882637115, 2.5297546092139545, 2.0879620477923932, 2.5415458510507887, 1.3981006412191448, 2.8520220325985646, 1.192038386585151, 1.4271307249184877], [0.28273809523809523, 0], 928.0169801712036], (0.27063862928348914, 0), (0.27799841143764892, 0)]}, [(0.31947261663286003, 0), (0.32490079365079372, 0), (0.25037369207772792, 0), (0.30701754385964913, 0), (0.27063862928348914, 0)], [(0.28546712802768165, 0), (0.30416666666666664, 0), (0.26821457165732582, 0), (0.29838022165387895, 0), (0.27799841143764892, 0)], 38728.343274116516]

Total Runtime: --- 38728.343704 seconds ---


------------------------------------------------------------
Sender: LSF System <lsfadmin@n2f1-8>
Subject: Job 649473: </share2/aagrawa8/miniconda2/bin/python2.7 DE_topics.py _topics SE8> Done

Job </share2/aagrawa8/miniconda2/bin/python2.7 DE_topics.py _topics SE8> was submitted from host <login02.hpc.ncsu.edu> by user <aagrawa8> in cluster <henry2>.
Job was executed on host(s) <8*n2f1-8>, in queue <shared_memory>, as user <aagrawa8> in cluster <henry2>.
</home/aagrawa8> was used as the home directory.
</home/aagrawa8/topics_de> was used as the working directory.
Started at Tue Nov 22 17:59:02 2016
Results reported at Wed Nov 23 04:44:32 2016

Your job looked like:

------------------------------------------------------------
# LSBATCH: User input
/share2/aagrawa8/miniconda2/bin/python2.7 DE_topics.py _topics SE8
------------------------------------------------------------

Successfully completed.

Resource usage summary:

    CPU time   :  38732.57 sec.
    Max Memory :      1751 MB
    Max Swap   :      2971 MB

    Max Processes  :         3
    Max Threads    :        23

The output (if any) is above this job summary.



PS:

Read file <./err/SE8.err.649473> for stderr output of this job.

