Target Label: computability
2966 2966
2966 2966
2966 2966
2966 2966
2966 2966
2966 2966
2966 2966
2966 2966
2966 2966
2966 2966
2966 2966
2966 2966
2966 2966
2966 2966
2966 2966
2966 2966
2966 2966
2966 2966
2966 2966
2966 2966
2966 2966
2966 2966
2966 2966
2966 2966
2966 2966
2966 2966
2966 2966
2966 2966
2966 2966
2966 2966
2966 2966
2966 2966
2966 2966
2966 2966
2966 2966
2966 2966
2966 2966
2966 2966
2966 2966
2966 2966
3708 3708
3708 3708

Runtime for 1 loop of DE termination: --- 2696.32748318 seconds ---

2966 2966
2966 2966
2966 2966
2966 2966
2966 2966
2966 2966
2966 2966
2966 2966
2966 2966
2966 2966
2966 2966
2966 2966
2966 2966
2966 2966
2966 2966
2966 2966
2966 2966
2966 2966
2966 2966
2966 2966
2966 2966
2966 2966
2966 2966
2966 2966
2966 2966
2966 2966
2966 2966
2966 2966
2966 2966
2966 2966
2966 2966
2966 2966
2966 2966
2966 2966
2966 2966
2966 2966
2966 2966
2966 2966
2966 2966
2966 2966
3708 3708
3708 3708

Runtime for 1 loop of DE termination: --- 2495.87586284 seconds ---

2966 2966
2966 2966
2966 2966
2966 2966
2966 2966
2966 2966
2966 2966
2966 2966
2966 2966
2966 2966
2966 2966
2966 2966
2966 2966
2966 2966
2966 2966
2966 2966
2966 2966
2966 2966
2966 2966
2966 2966
2966 2966
2966 2966
2966 2966
2966 2966
2966 2966
2966 2966
2966 2966
2966 2966
2966 2966
2966 2966
2966 2966
2966 2966
2966 2966
2966 2966
2966 2966
2966 2966
2966 2966
2966 2966
2966 2966
2966 2966
3708 3708
3708 3708

Runtime for 1 loop of DE termination: --- 2909.89947081 seconds ---

2966 2966
2966 2966
2966 2966
2966 2966
2966 2966
2966 2966
2966 2966
2966 2966
2966 2966
2966 2966
2966 2966
2966 2966
2966 2966
2966 2966
2966 2966
2966 2966
2966 2966
2966 2966
2966 2966
2966 2966
2966 2966
2966 2966
2966 2966
2966 2966
2966 2966
2966 2966
2966 2966
2966 2966
2966 2966
2966 2966
2966 2966
2966 2966
2966 2966
2966 2966
2966 2966
2966 2966
2966 2966
2966 2966
2966 2966
2966 2966
3708 3708
3708 3708

Runtime for 1 loop of DE termination: --- 2939.14494395 seconds ---

2966 2966
2966 2966
2966 2966
2966 2966
2966 2966
2966 2966
2966 2966
2966 2966
2966 2966
2966 2966
2966 2966
2966 2966
2966 2966
2966 2966
2966 2966
2966 2966
2966 2966
2966 2966
2966 2966
2966 2966
2966 2966
2966 2966
2966 2966
2966 2966
2966 2966
2966 2966
2966 2966
2966 2966
2966 2966
2966 2966
2966 2966
2966 2966
2966 2966
2966 2966
2966 2966
2966 2966
2966 2966
2966 2966
2966 2966
2966 2966
3708 3708
3708 3708

Runtime for 1 loop of DE termination: --- 2697.74203205 seconds ---

[0.57884231536926145, 0.556640625, 0.45736434108527124, 0.52371541501976282, 0.56603773584905659]
[0.5337078651685393, 0.55977229601518019, 0.5792682926829269, 0.4652996845425868, 0.50380228136882121]

Total Runtime: --- 13739.1875539 seconds ---


------------------------------------------------------------
Sender: LSF System <lsfadmin@n3l4-3>
Subject: Job 660025: </share2/aagrawa8/miniconda2/bin/python2.7 DE_topics.py _topics cs> Done

Job </share2/aagrawa8/miniconda2/bin/python2.7 DE_topics.py _topics cs> was submitted from host <login04.hpc.ncsu.edu> by user <aagrawa8> in cluster <henry2>.
Job was executed on host(s) <8*n3l4-3>, in queue <shared_memory>, as user <aagrawa8> in cluster <henry2>.
</home/aagrawa8> was used as the home directory.
</home/aagrawa8/topics_de> was used as the working directory.
Started at Mon Nov 28 13:18:37 2016
Results reported at Mon Nov 28 17:07:38 2016

Your job looked like:

------------------------------------------------------------
# LSBATCH: User input
/share2/aagrawa8/miniconda2/bin/python2.7 DE_topics.py _topics cs
------------------------------------------------------------

Successfully completed.

Resource usage summary:

    CPU time   :  13753.13 sec.
    Max Memory :       344 MB
    Max Swap   :      1352 MB

    Max Processes  :         3
    Max Threads    :        19

The output (if any) is above this job summary.



PS:

Read file <./err/cs.err.660025> for stderr output of this job.

