Target Label: insulation
4891 4891
4891 4891
4891 4891
4891 4891
4891 4891
4891 4891
4891 4891
4891 4891
4891 4891
4891 4891
4891 4891
4891 4891
4891 4891
4891 4891
4891 4891
4891 4891
4891 4891
4891 4891
4891 4891
4891 4891
4891 4891
4891 4891
4891 4891
4891 4891
4891 4891
4891 4891
4891 4891
4891 4891
4891 4891
4891 4891
4891 4891
4891 4891
4891 4891
4891 4891
4891 4891
4891 4891
4891 4891
4891 4891
4891 4891
4891 4891
6114 6114
6114 6114

Runtime for 1 loop of DE termination: --- 4627.74757695 seconds ---

4891 4891
4891 4891
4891 4891
4891 4891
4891 4891
4891 4891
4891 4891
4891 4891
4891 4891
4891 4891
4891 4891
4891 4891
4891 4891
4891 4891
4891 4891
4891 4891
4891 4891
4891 4891
4891 4891
4891 4891
4891 4891
4891 4891
4891 4891
4891 4891
4891 4891
4891 4891
4891 4891
4891 4891
4891 4891
4891 4891
4891 4891
4891 4891
4891 4891
4891 4891
4891 4891
4891 4891
4891 4891
4891 4891
4891 4891
4891 4891
6114 6114
6114 6114

Runtime for 1 loop of DE termination: --- 5241.6000402 seconds ---

4891 4891
4891 4891
4891 4891
4891 4891
4891 4891
4891 4891
4891 4891
4891 4891
4891 4891
4891 4891
4891 4891
4891 4891
4891 4891
4891 4891
4891 4891
4891 4891
4891 4891
4891 4891
4891 4891
4891 4891
4891 4891
4891 4891
4891 4891
4891 4891
4891 4891
4891 4891
4891 4891
4891 4891
4891 4891
4891 4891
4891 4891
4891 4891
4891 4891
4891 4891
4891 4891
4891 4891
4891 4891
4891 4891
4891 4891
4891 4891
6114 6114
6114 6114

Runtime for 1 loop of DE termination: --- 5302.52100515 seconds ---

4891 4891
4891 4891
4891 4891
4891 4891
4891 4891
4891 4891
4891 4891
4891 4891
4891 4891
4891 4891
4891 4891
4891 4891
4891 4891
4891 4891
4891 4891
4891 4891
4891 4891
4891 4891
4891 4891
4891 4891
4891 4891
4891 4891
4891 4891
4891 4891
4891 4891
4891 4891
4891 4891
4891 4891
4891 4891
4891 4891
4891 4891
4891 4891
4891 4891
4891 4891
4891 4891
4891 4891
4891 4891
4891 4891
4891 4891
4891 4891
6114 6114
6114 6114

Runtime for 1 loop of DE termination: --- 4873.54065394 seconds ---

4891 4891
4891 4891
4891 4891
4891 4891
4891 4891
4891 4891
4891 4891
4891 4891
4891 4891
4891 4891
4891 4891
4891 4891
4891 4891
4891 4891
4891 4891
4891 4891
4891 4891
4891 4891
4891 4891
4891 4891
4891 4891
4891 4891
4891 4891
4891 4891
4891 4891
4891 4891
4891 4891
4891 4891
4891 4891
4891 4891
4891 4891
4891 4891
4891 4891
4891 4891
4891 4891
4891 4891
4891 4891
4891 4891
4891 4891
4891 4891
6114 6114
6114 6114

Runtime for 1 loop of DE termination: --- 5169.94821095 seconds ---

[0.65384615384615397, 0.60553633217993075, 0.58669001751313488, 0.68904593639575973, 0.6428571428571429]
[0.40557667934093788, 0.49786628733997146, 0.43726235741444869, 0.53418803418803429, 0.55905511811023623]

Total Runtime: --- 25215.601779 seconds ---


------------------------------------------------------------
Sender: LSF System <lsfadmin@n3l4-1>
Subject: Job 660026: </share2/aagrawa8/miniconda2/bin/python2.7 DE_topics.py _topics diy> Done

Job </share2/aagrawa8/miniconda2/bin/python2.7 DE_topics.py _topics diy> was submitted from host <login04.hpc.ncsu.edu> by user <aagrawa8> in cluster <henry2>.
Job was executed on host(s) <8*n3l4-1>, in queue <shared_memory>, as user <aagrawa8> in cluster <henry2>.
</home/aagrawa8> was used as the home directory.
</home/aagrawa8/topics_de> was used as the working directory.
Started at Mon Nov 28 13:18:37 2016
Results reported at Mon Nov 28 20:18:54 2016

Your job looked like:

------------------------------------------------------------
# LSBATCH: User input
/share2/aagrawa8/miniconda2/bin/python2.7 DE_topics.py _topics diy
------------------------------------------------------------

Successfully completed.

Resource usage summary:

    CPU time   :  25232.96 sec.
    Max Memory :       508 MB
    Max Swap   :      1514 MB

    Max Processes  :         3
    Max Threads    :        19

The output (if any) is above this job summary.



PS:

Read file <./err/diy.err.660026> for stderr output of this job.

