Target Label: equipment-recommendation
4074 4074
4074 4074
4074 4074
4074 4074
4074 4074
4074 4074
4074 4074
4074 4074
4074 4074
4074 4074
4074 4074
4074 4074
4074 4074
4074 4074
4074 4074
4074 4074
4074 4074
4074 4074
4074 4074
4074 4074
4074 4074
4074 4074
4074 4074
4074 4074
4074 4074
4074 4074
4074 4074
4074 4074
4074 4074
4074 4074
4074 4074
4074 4074
4074 4074
4074 4074
4074 4074
4074 4074
4074 4074
4074 4074
4074 4074
4074 4074
5093 5093
5093 5093

Runtime for 1 loop of DE termination: --- 2182.01802588 seconds ---

4074 4074
4074 4074
4074 4074
4074 4074
4074 4074
4074 4074
4074 4074
4074 4074
4074 4074
4074 4074
4074 4074
4074 4074
4074 4074
4074 4074
4074 4074
4074 4074
4074 4074
4074 4074
4074 4074
4074 4074
4074 4074
4074 4074
4074 4074
4074 4074
4074 4074
4074 4074
4074 4074
4074 4074
4074 4074
4074 4074
4074 4074
4074 4074
4074 4074
4074 4074
4074 4074
4074 4074
4074 4074
4074 4074
4074 4074
4074 4074
5093 5093
5093 5093

Runtime for 1 loop of DE termination: --- 2269.74647593 seconds ---

4074 4074
4074 4074
4074 4074
4074 4074
4074 4074
4074 4074
4074 4074
4074 4074
4074 4074
4074 4074
4074 4074
4074 4074
4074 4074
4074 4074
4074 4074
4074 4074
4074 4074
4074 4074
4074 4074
4074 4074
4074 4074
4074 4074
4074 4074
4074 4074
4074 4074
4074 4074
4074 4074
4074 4074
4074 4074
4074 4074
4074 4074
4074 4074
4074 4074
4074 4074
4074 4074
4074 4074
4074 4074
4074 4074
4074 4074
4074 4074
5093 5093
5093 5093

Runtime for 1 loop of DE termination: --- 2300.02442002 seconds ---

4074 4074
4074 4074
4074 4074
4074 4074
4074 4074
4074 4074
4074 4074
4074 4074
4074 4074
4074 4074
4074 4074
4074 4074
4074 4074
4074 4074
4074 4074
4074 4074
4074 4074
4074 4074
4074 4074
4074 4074
4074 4074
4074 4074
4074 4074
4074 4074
4074 4074
4074 4074
4074 4074
4074 4074
4074 4074
4074 4074
4074 4074
4074 4074
4074 4074
4074 4074
4074 4074
4074 4074
4074 4074
4074 4074
4074 4074
4074 4074
5093 5093
5093 5093

Runtime for 1 loop of DE termination: --- 1990.21970606 seconds ---

4074 4074
4074 4074
4074 4074
4074 4074
4074 4074
4074 4074
4074 4074
4074 4074
4074 4074
4074 4074
4074 4074
4074 4074
4074 4074
4074 4074
4074 4074
4074 4074
4074 4074
4074 4074
4074 4074
4074 4074
4074 4074
4074 4074
4074 4074
4074 4074
4074 4074
4074 4074
4074 4074
4074 4074
4074 4074
4074 4074
4074 4074
4074 4074
4074 4074
4074 4074
4074 4074
4074 4074
4074 4074
4074 4074
4074 4074
4074 4074
5093 5093
5093 5093

Runtime for 1 loop of DE termination: --- 2199.71582794 seconds ---

[0.39525691699604742, 0.4066985645933015, 0.39837398373983735, 0.38997214484679654, 0.43602281988590064]
[0.46303818034118605, 0.42338709677419362, 0.42913385826771655, 0.42834267413931149, 0.46140939597315439]

Total Runtime: --- 10941.9656749 seconds ---


------------------------------------------------------------
Sender: LSF System <lsfadmin@n2g2-8>
Subject: Job 660027: </share2/aagrawa8/miniconda2/bin/python2.7 DE_topics.py _topics photo> Done

Job </share2/aagrawa8/miniconda2/bin/python2.7 DE_topics.py _topics photo> was submitted from host <login04.hpc.ncsu.edu> by user <aagrawa8> in cluster <henry2>.
Job was executed on host(s) <8*n2g2-8>, in queue <shared_memory>, as user <aagrawa8> in cluster <henry2>.
</home/aagrawa8> was used as the home directory.
</home/aagrawa8/topics_de> was used as the working directory.
Started at Mon Nov 28 13:18:37 2016
Results reported at Mon Nov 28 16:21:00 2016

Your job looked like:

------------------------------------------------------------
# LSBATCH: User input
/share2/aagrawa8/miniconda2/bin/python2.7 DE_topics.py _topics photo
------------------------------------------------------------

Successfully completed.

Resource usage summary:

    CPU time   :  10945.01 sec.
    Max Memory :       499 MB
    Max Swap   :      1643 MB

    Max Processes  :         3
    Max Threads    :        23

The output (if any) is above this job summary.



PS:

Read file <./err/photo.err.660027> for stderr output of this job.

