Target Label: dnd-5e
3586 3586
3586 3586
3586 3586
3586 3586
3586 3586
3586 3586
3586 3586
3586 3586
3586 3586
3586 3586
3586 3586
3586 3586
3586 3586
3586 3586
3586 3586
3586 3586
3586 3586
3586 3586
3586 3586
3586 3586
3586 3586
3586 3586
3586 3586
3586 3586
3586 3586
3586 3586
3586 3586
3586 3586
3586 3586
3586 3586
3586 3586
3586 3586
3586 3586
3586 3586
3586 3586
3586 3586
3586 3586
3586 3586
3586 3586
3586 3586
4483 4483
4483 4483

Runtime for 1 loop of DE termination: --- 2387.32327104 seconds ---

3586 3586
3586 3586
3586 3586
3586 3586
3586 3586
3586 3586
3586 3586
3586 3586
3586 3586
3586 3586
3586 3586
3586 3586
3586 3586
3586 3586
3586 3586
3586 3586
3586 3586
3586 3586
3586 3586
3586 3586
3586 3586
3586 3586
3586 3586
3586 3586
3586 3586
3586 3586
3586 3586
3586 3586
3586 3586
3586 3586
3586 3586
3586 3586
3586 3586
3586 3586
3586 3586
3586 3586
3586 3586
3586 3586
3586 3586
3586 3586
4483 4483
4483 4483

Runtime for 1 loop of DE termination: --- 2584.00283313 seconds ---

3586 3586
3586 3586
3586 3586
3586 3586
3586 3586
3586 3586
3586 3586
3586 3586
3586 3586
3586 3586
3586 3586
3586 3586
3586 3586
3586 3586
3586 3586
3586 3586
3586 3586
3586 3586
3586 3586
3586 3586
3586 3586
3586 3586
3586 3586
3586 3586
3586 3586
3586 3586
3586 3586
3586 3586
3586 3586
3586 3586
3586 3586
3586 3586
3586 3586
3586 3586
3586 3586
3586 3586
3586 3586
3586 3586
3586 3586
3586 3586
4483 4483
4483 4483

Runtime for 1 loop of DE termination: --- 2336.24900818 seconds ---

3586 3586
3586 3586
3586 3586
3586 3586
3586 3586
3586 3586
3586 3586
3586 3586
3586 3586
3586 3586
3586 3586
3586 3586
3586 3586
3586 3586
3586 3586
3586 3586
3586 3586
3586 3586
3586 3586
3586 3586
3586 3586
3586 3586
3586 3586
3586 3586
3586 3586
3586 3586
3586 3586
3586 3586
3586 3586
3586 3586
3586 3586
3586 3586
3586 3586
3586 3586
3586 3586
3586 3586
3586 3586
3586 3586
3586 3586
3586 3586
4483 4483
4483 4483

Runtime for 1 loop of DE termination: --- 2682.54500318 seconds ---

3586 3586
3586 3586
3586 3586
3586 3586
3586 3586
3586 3586
3586 3586
3586 3586
3586 3586
3586 3586
3586 3586
3586 3586
3586 3586
3586 3586
3586 3586
3586 3586
3586 3586
3586 3586
3586 3586
3586 3586
3586 3586
3586 3586
3586 3586
3586 3586
3586 3586
3586 3586
3586 3586
3586 3586
3586 3586
3586 3586
3586 3586
3586 3586
3586 3586
3586 3586
3586 3586
3586 3586
3586 3586
3586 3586
3586 3586
3586 3586
4483 4483
4483 4483

Runtime for 1 loop of DE termination: --- 2351.1402421 seconds ---

[0.34006734006734007, 0.3816526610644258, 0.33333333333333326, 0.37676056338028169, 0.36206896551724138]
[0.3453279164248404, 0.32043530834340989, 0.32701711491442542, 0.33983849259757737, 0.33217793183131139]

Total Runtime: --- 12341.435703 seconds ---


------------------------------------------------------------
Sender: LSF System <lsfadmin@n2g2-10>
Subject: Job 660028: </share2/aagrawa8/miniconda2/bin/python2.7 DE_topics.py _topics rpg> Done

Job </share2/aagrawa8/miniconda2/bin/python2.7 DE_topics.py _topics rpg> was submitted from host <login04.hpc.ncsu.edu> by user <aagrawa8> in cluster <henry2>.
Job was executed on host(s) <8*n2g2-10>, in queue <shared_memory>, as user <aagrawa8> in cluster <henry2>.
</home/aagrawa8> was used as the home directory.
</home/aagrawa8/topics_de> was used as the working directory.
Started at Mon Nov 28 13:18:37 2016
Results reported at Mon Nov 28 16:44:21 2016

Your job looked like:

------------------------------------------------------------
# LSBATCH: User input
/share2/aagrawa8/miniconda2/bin/python2.7 DE_topics.py _topics rpg
------------------------------------------------------------

Successfully completed.

Resource usage summary:

    CPU time   :  12346.65 sec.
    Max Memory :       496 MB
    Max Swap   :      1635 MB

    Max Processes  :         3
    Max Threads    :        23

The output (if any) is above this job summary.



PS:

Read file <./err/rpg.err.660028> for stderr output of this job.

