Target Label: doctor-who
6254 6254
6254 6254
6254 6254
6254 6254
6254 6254
6254 6254
6254 6254
6254 6254
6254 6254
6254 6254
6254 6254
6254 6254
6254 6254
6254 6254
6254 6254
6254 6254
6254 6254
6254 6254
6254 6254
6254 6254
6254 6254
6254 6254
6254 6254
6254 6254
6254 6254
6254 6254
6254 6254
6254 6254
6254 6254
6254 6254
6254 6254
6254 6254
6254 6254
6254 6254
6254 6254
6254 6254
6254 6254
6254 6254
6254 6254
6254 6254
7818 7818
7818 7818

Runtime for 1 loop of DE termination: --- 2965.93108296 seconds ---

6254 6254
6254 6254
6254 6254
6254 6254
6254 6254
6254 6254
6254 6254
6254 6254
6254 6254
6254 6254
6254 6254
6254 6254
6254 6254
6254 6254
6254 6254
6254 6254
6254 6254
6254 6254
6254 6254
6254 6254
6254 6254
6254 6254
6254 6254
6254 6254
6254 6254
6254 6254
6254 6254
6254 6254
6254 6254
6254 6254
6254 6254
6254 6254
6254 6254
6254 6254
6254 6254
6254 6254
6254 6254
6254 6254
6254 6254
6254 6254
7818 7818
7818 7818

Runtime for 1 loop of DE termination: --- 3403.18090105 seconds ---

6254 6254
6254 6254
6254 6254
6254 6254
6254 6254
6254 6254
6254 6254
6254 6254
6254 6254
6254 6254
6254 6254
6254 6254
6254 6254
6254 6254
6254 6254
6254 6254
6254 6254
6254 6254
6254 6254
6254 6254
6254 6254
6254 6254
6254 6254
6254 6254
6254 6254
6254 6254
6254 6254
6254 6254
6254 6254
6254 6254
6254 6254
6254 6254
6254 6254
6254 6254
6254 6254
6254 6254
6254 6254
6254 6254
6254 6254
6254 6254
7818 7818
7818 7818

Runtime for 1 loop of DE termination: --- 2945.39148998 seconds ---

6254 6254
6254 6254
6254 6254
6254 6254
6254 6254
6254 6254
6254 6254
6254 6254
6254 6254
6254 6254
6254 6254
6254 6254
6254 6254
6254 6254
6254 6254
6254 6254
6254 6254
6254 6254
6254 6254
6254 6254
6254 6254
6254 6254
6254 6254
6254 6254
6254 6254
6254 6254
6254 6254
6254 6254
6254 6254
6254 6254
6254 6254
6254 6254
6254 6254
6254 6254
6254 6254
6254 6254
6254 6254
6254 6254
6254 6254
6254 6254
7818 7818
7818 7818

Runtime for 1 loop of DE termination: --- 3560.32228589 seconds ---

6254 6254
6254 6254
6254 6254
6254 6254
6254 6254
6254 6254
6254 6254
6254 6254
6254 6254
6254 6254
6254 6254
6254 6254
6254 6254
6254 6254
6254 6254
6254 6254
6254 6254
6254 6254
6254 6254
6254 6254
6254 6254
6254 6254
6254 6254
6254 6254
6254 6254
6254 6254
6254 6254
6254 6254
6254 6254
6254 6254
6254 6254
6254 6254
6254 6254
6254 6254
6254 6254
6254 6254
6254 6254
6254 6254
6254 6254
6254 6254
7818 7818
7818 7818

Runtime for 1 loop of DE termination: --- 3379.34140015 seconds ---

[0.88590604026845632, 0.8803763440860215, 0.86461126005361932, 0.8541392904073587, 0.89121887287024892]
[0.79102715466351825, 0.70512820512820518, 0.73237885462555063, 0.71428571428571419, 0.70030895983522146]

Total Runtime: --- 16254.478333 seconds ---


------------------------------------------------------------
Sender: LSF System <lsfadmin@n2g2-11>
Subject: Job 660029: </share2/aagrawa8/miniconda2/bin/python2.7 DE_topics.py _topics scifi> Done

Job </share2/aagrawa8/miniconda2/bin/python2.7 DE_topics.py _topics scifi> was submitted from host <login04.hpc.ncsu.edu> by user <aagrawa8> in cluster <henry2>.
Job was executed on host(s) <8*n2g2-11>, in queue <shared_memory>, as user <aagrawa8> in cluster <henry2>.
</home/aagrawa8> was used as the home directory.
</home/aagrawa8/topics_de> was used as the working directory.
Started at Mon Nov 28 13:18:37 2016
Results reported at Mon Nov 28 17:49:34 2016

Your job looked like:

------------------------------------------------------------
# LSBATCH: User input
/share2/aagrawa8/miniconda2/bin/python2.7 DE_topics.py _topics scifi
------------------------------------------------------------

Successfully completed.

Resource usage summary:

    CPU time   :  16257.59 sec.
    Max Memory :       620 MB
    Max Swap   :      1764 MB

    Max Processes  :         3
    Max Threads    :        23

The output (if any) is above this job summary.



PS:

Read file <./err/scifi.err.660029> for stderr output of this job.

