Target Label: yes
2030 2030
2030 2030
2030 2030
2030 2030
2030 2030
2030 2030
2030 2030
2030 2030
2030 2030
2030 2030
2030 2030
2030 2030
2030 2030
2030 2030
2030 2030
2030 2030
2030 2030
2030 2030
2030 2030
2030 2030
2030 2030
2030 2030
2030 2030
2030 2030
2030 2030
2030 2030
2030 2030
2030 2030
2030 2030
2030 2030
2030 2030
2030 2030
2030 2030
2030 2030
2030 2030
2030 2030
2030 2030
2030 2030
2030 2030
2030 2030
2538 2538
2538 2538

Runtime for 1 loop of DE termination: --- 872.078542948 seconds ---

2030 2030
2030 2030
2030 2030
2030 2030
2030 2030
2030 2030
2030 2030
2030 2030
2030 2030
2030 2030
2030 2030
2030 2030
2030 2030
2030 2030
2030 2030
2030 2030
2030 2030
2030 2030
2030 2030
2030 2030
2030 2030
2030 2030
2030 2030
2030 2030
2030 2030
2030 2030
2030 2030
2030 2030
2030 2030
2030 2030
2030 2030
2030 2030
2030 2030
2030 2030
2030 2030
2030 2030
2030 2030
2030 2030
2030 2030
2030 2030
2538 2538
2538 2538

Runtime for 1 loop of DE termination: --- 1031.70642805 seconds ---

2030 2030
2030 2030
2030 2030
2030 2030
2030 2030
2030 2030
2030 2030
2030 2030
2030 2030
2030 2030
2030 2030
2030 2030
2030 2030
2030 2030
2030 2030
2030 2030
2030 2030
2030 2030
2030 2030
2030 2030
2030 2030
2030 2030
2030 2030
2030 2030
2030 2030
2030 2030
2030 2030
2030 2030
2030 2030
2030 2030
2030 2030
2030 2030
2030 2030
2030 2030
2030 2030
2030 2030
2030 2030
2030 2030
2030 2030
2030 2030
2538 2538
2538 2538

Runtime for 1 loop of DE termination: --- 947.613530874 seconds ---

2030 2030
2030 2030
2030 2030
2030 2030
2030 2030
2030 2030
2030 2030
2030 2030
2030 2030
2030 2030
2030 2030
2030 2030
2030 2030
2030 2030
2030 2030
2030 2030
2030 2030
2030 2030
2030 2030
2030 2030
2030 2030
2030 2030
2030 2030
2030 2030
2030 2030
2030 2030
2030 2030
2030 2030
2030 2030
2030 2030
2030 2030
2030 2030
2030 2030
2030 2030
2030 2030
2030 2030
2030 2030
2030 2030
2030 2030
2030 2030
2538 2538
2538 2538

Runtime for 1 loop of DE termination: --- 909.043284893 seconds ---

2030 2030
2030 2030
2030 2030
2030 2030
2030 2030
2030 2030
2030 2030
2030 2030
2030 2030
2030 2030
2030 2030
2030 2030
2030 2030
2030 2030
2030 2030
2030 2030
2030 2030
2030 2030
2030 2030
2030 2030
2030 2030
2030 2030
2030 2030
2030 2030
2030 2030
2030 2030
2030 2030
2030 2030
2030 2030
2030 2030
2030 2030
2030 2030
2030 2030
2030 2030
2030 2030
2030 2030
2030 2030
2030 2030
2030 2030
2030 2030
2538 2538
2538 2538

Runtime for 1 loop of DE termination: --- 941.139683008 seconds ---

[0.90909090909090906, 0.88888888888888873, 0.88607594936708856, 0.86956521739130432, 0.93354430379746856]
[0.92879256965944279, 0.91054313099041528, 0.92879256965944279, 0.8308157099697886, 0.91194968553459121]

Total Runtime: --- 4701.71340609 seconds ---


------------------------------------------------------------
Sender: LSF System <lsfadmin@n2g2-9>
Subject: Job 660030: </share2/aagrawa8/miniconda2/bin/python2.7 DE_topics.py _topics SE0> Done

Job </share2/aagrawa8/miniconda2/bin/python2.7 DE_topics.py _topics SE0> was submitted from host <login04.hpc.ncsu.edu> by user <aagrawa8> in cluster <henry2>.
Job was executed on host(s) <8*n2g2-9>, in queue <shared_memory>, as user <aagrawa8> in cluster <henry2>.
</home/aagrawa8> was used as the home directory.
</home/aagrawa8/topics_de> was used as the working directory.
Started at Mon Nov 28 13:18:37 2016
Results reported at Mon Nov 28 14:37:01 2016

Your job looked like:

------------------------------------------------------------
# LSBATCH: User input
/share2/aagrawa8/miniconda2/bin/python2.7 DE_topics.py _topics SE0
------------------------------------------------------------

Successfully completed.

Resource usage summary:

    CPU time   :   4704.26 sec.
    Max Memory :       226 MB
    Max Swap   :      1367 MB

    Max Processes  :         3
    Max Threads    :        23

The output (if any) is above this job summary.



PS:

Read file <./err/SE0.err.660030> for stderr output of this job.

