Target Label: yes
15571 15571
15571 15571
15571 15571
15571 15571
15571 15571
15571 15571
15571 15571
15571 15571
15571 15571
15571 15571
15571 15571
15571 15571
15571 15571
15571 15571
15571 15571
15571 15571
15571 15571
15571 15571
15571 15571
15571 15571
15571 15571
15571 15571
15571 15571
15571 15571
15571 15571
15571 15571
15571 15571
15571 15571
15571 15571
15571 15571
15571 15571
15571 15571
15571 15571
15571 15571
15571 15571
15571 15571
15571 15571
15571 15571
15571 15571
15571 15571
19464 19464
19464 19464

Runtime for 1 loop of DE termination: --- 10200.7907279 seconds ---

15571 15571
15571 15571
15571 15571
15571 15571
15571 15571
15571 15571
15571 15571
15571 15571
15571 15571
15571 15571
15571 15571
15571 15571
15571 15571
15571 15571
15571 15571
15571 15571
15571 15571
15571 15571
15571 15571
15571 15571
15571 15571
15571 15571
15571 15571
15571 15571
15571 15571
15571 15571
15571 15571
15571 15571
15571 15571
15571 15571
15571 15571
15571 15571
15571 15571
15571 15571
15571 15571
15571 15571
15571 15571
15571 15571
15571 15571
15571 15571
19464 19464
19464 19464

Runtime for 1 loop of DE termination: --- 11315.551285 seconds ---

15571 15571
15571 15571
15571 15571
15571 15571
15571 15571
15571 15571
15571 15571
15571 15571
15571 15571
15571 15571
15571 15571
15571 15571
15571 15571
15571 15571
15571 15571
15571 15571
15571 15571
15571 15571
15571 15571
15571 15571
15571 15571
15571 15571
15571 15571
15571 15571
15571 15571
15571 15571
15571 15571
15571 15571
15571 15571
15571 15571
15571 15571
15571 15571
15571 15571
15571 15571
15571 15571
15571 15571
15571 15571
15571 15571
15571 15571
15571 15571
19464 19464
19464 19464

Runtime for 1 loop of DE termination: --- 11849.3775029 seconds ---

15571 15571
15571 15571
15571 15571
15571 15571
15571 15571
15571 15571
15571 15571
15571 15571
15571 15571
15571 15571
15571 15571
15571 15571
15571 15571
15571 15571
15571 15571
15571 15571
15571 15571
15571 15571
15571 15571
15571 15571
15571 15571
15571 15571
15571 15571
15571 15571
15571 15571
15571 15571
15571 15571
15571 15571
15571 15571
15571 15571
15571 15571
15571 15571
15571 15571
15571 15571
15571 15571
15571 15571
15571 15571
15571 15571
15571 15571
15571 15571
19464 19464
19464 19464

Runtime for 1 loop of DE termination: --- 11292.8600171 seconds ---

15571 15571
15571 15571
15571 15571
15571 15571
15571 15571
15571 15571
15571 15571
15571 15571
15571 15571
15571 15571
15571 15571
15571 15571
15571 15571
15571 15571
15571 15571
15571 15571
15571 15571
15571 15571
15571 15571
15571 15571
15571 15571
15571 15571
15571 15571
15571 15571
15571 15571
15571 15571
15571 15571
15571 15571
15571 15571
15571 15571
15571 15571
15571 15571
15571 15571
15571 15571
15571 15571
15571 15571
15571 15571
15571 15571
15571 15571
15571 15571
19464 19464
19464 19464

Runtime for 1 loop of DE termination: --- 10943.514714 seconds ---

[0.88867187500000011, 0.91904445919044464, 0.89528118939883661, 0.86152882205513781, 0.90849673202614378]
[0.90588988476312415, 0.89319771137952964, 0.90132827324478171, 0.91590612777053448, 0.89028213166144199]

Total Runtime: --- 55602.753345 seconds ---


------------------------------------------------------------
Sender: LSF System <lsfadmin@n3i1-4>
Subject: Job 660031: </share2/aagrawa8/miniconda2/bin/python2.7 DE_topics.py _topics SE1> Done

Job </share2/aagrawa8/miniconda2/bin/python2.7 DE_topics.py _topics SE1> was submitted from host <login04.hpc.ncsu.edu> by user <aagrawa8> in cluster <henry2>.
Job was executed on host(s) <8*n3i1-4>, in queue <shared_memory>, as user <aagrawa8> in cluster <henry2>.
</home/aagrawa8> was used as the home directory.
</home/aagrawa8/topics_de> was used as the working directory.
Started at Mon Nov 28 13:18:37 2016
Results reported at Tue Nov 29 04:45:22 2016

Your job looked like:

------------------------------------------------------------
# LSBATCH: User input
/share2/aagrawa8/miniconda2/bin/python2.7 DE_topics.py _topics SE1
------------------------------------------------------------

Successfully completed.

Resource usage summary:

    CPU time   :  55627.82 sec.
    Max Memory :      1519 MB
    Max Swap   :      2527 MB

    Max Processes  :         3
    Max Threads    :        19

The output (if any) is above this job summary.



PS:

Read file <./err/SE1.err.660031> for stderr output of this job.

