Target Label: yes
26975 26975
26975 26975
26975 26975
26975 26975
26975 26975
26975 26975
26975 26975
26975 26975
26975 26975
26975 26975
26975 26975
26975 26975
26975 26975
26975 26975
26975 26975
26975 26975
26975 26975
26975 26975
26975 26975
26975 26975
26975 26975
26975 26975
26975 26975
26975 26975
26975 26975
26975 26975
26975 26975
26975 26975
26975 26975
26975 26975
26975 26975
26975 26975
26975 26975
26975 26975
26975 26975
26975 26975
26975 26975
26975 26975
26975 26975
26975 26975
33719 33719
33719 33719

Runtime for 1 loop of DE termination: --- 23050.6655219 seconds ---

26975 26975
26975 26975
26975 26975
26975 26975
26975 26975
26975 26975
26975 26975
26975 26975
26975 26975
26975 26975
26975 26975
26975 26975
26975 26975
26975 26975
26975 26975
26975 26975
26975 26975
26975 26975
26975 26975
26975 26975
26975 26975
26975 26975
26975 26975
26975 26975
26975 26975
26975 26975
26975 26975
26975 26975
26975 26975
26975 26975
26975 26975
26975 26975
26975 26975
26975 26975
26975 26975
26975 26975
26975 26975
26975 26975
26975 26975
26975 26975
33719 33719
33719 33719

Runtime for 1 loop of DE termination: --- 19350.8277278 seconds ---

26975 26975
26975 26975
26975 26975
26975 26975
26975 26975
26975 26975
26975 26975
26975 26975
26975 26975
26975 26975
26975 26975
26975 26975
26975 26975
26975 26975
26975 26975
26975 26975
26975 26975
26975 26975
26975 26975
26975 26975
26975 26975
26975 26975
26975 26975
26975 26975
26975 26975
26975 26975
26975 26975
26975 26975
26975 26975
26975 26975
26975 26975
26975 26975
26975 26975
26975 26975
26975 26975
26975 26975
26975 26975
26975 26975
26975 26975
26975 26975
33719 33719
33719 33719

Runtime for 1 loop of DE termination: --- 17186.0105128 seconds ---

26975 26975
26975 26975
26975 26975
26975 26975
26975 26975
26975 26975
26975 26975
26975 26975
26975 26975
26975 26975
26975 26975
26975 26975
26975 26975
26975 26975
26975 26975
26975 26975
26975 26975
26975 26975
26975 26975
26975 26975
26975 26975
26975 26975
26975 26975
26975 26975
26975 26975
26975 26975
26975 26975
26975 26975
26975 26975
26975 26975
26975 26975
26975 26975
26975 26975
26975 26975
26975 26975
26975 26975
26975 26975
26975 26975
26975 26975
26975 26975
33719 33719
33719 33719

Runtime for 1 loop of DE termination: --- 19442.1868882 seconds ---

26975 26975
26975 26975
26975 26975
26975 26975
26975 26975
26975 26975
26975 26975
26975 26975
26975 26975
26975 26975
26975 26975
26975 26975
26975 26975
26975 26975
26975 26975
26975 26975
26975 26975
26975 26975
26975 26975
26975 26975
26975 26975
26975 26975
26975 26975
26975 26975
26975 26975
26975 26975
26975 26975
26975 26975
26975 26975
26975 26975
26975 26975
26975 26975
26975 26975
26975 26975
26975 26975
26975 26975
26975 26975
26975 26975
26975 26975
26975 26975
33719 33719
33719 33719

Runtime for 1 loop of DE termination: --- 20255.3448398 seconds ---

[0.4215542521994135, 0.64655172413793105, 0.44682422451994092, 0.52101576182136611, 0.55863342566943675]
[0.42253521126760563, 0.32908704883227174, 0.37718768859384433, 0.46483427647534359, 0.36070381231671556]

Total Runtime: --- 99285.8273599 seconds ---


------------------------------------------------------------
Sender: LSF System <lsfadmin@n3i1-5>
Subject: Job 660032: </share2/aagrawa8/miniconda2/bin/python2.7 DE_topics.py _topics SE3> Done

Job </share2/aagrawa8/miniconda2/bin/python2.7 DE_topics.py _topics SE3> was submitted from host <login04.hpc.ncsu.edu> by user <aagrawa8> in cluster <henry2>.
Job was executed on host(s) <8*n3i1-5>, in queue <shared_memory>, as user <aagrawa8> in cluster <henry2>.
</home/aagrawa8> was used as the home directory.
</home/aagrawa8/topics_de> was used as the working directory.
Started at Mon Nov 28 13:18:37 2016
Results reported at Tue Nov 29 16:53:25 2016

Your job looked like:

------------------------------------------------------------
# LSBATCH: User input
/share2/aagrawa8/miniconda2/bin/python2.7 DE_topics.py _topics SE3
------------------------------------------------------------

Successfully completed.

Resource usage summary:

    CPU time   :  99334.84 sec.
    Max Memory :      2384 MB
    Max Swap   :      3397 MB

    Max Processes  :         3
    Max Threads    :        19

The output (if any) is above this job summary.



PS:

Read file <./err/SE3.err.660032> for stderr output of this job.

