Target Label: yes
5221 5221
5221 5221
5221 5221
5221 5221
5221 5221
5221 5221
5221 5221
5221 5221
5221 5221
5221 5221
5221 5221
5221 5221
5221 5221
5221 5221
5221 5221
5221 5221
5221 5221
5221 5221
5221 5221
5221 5221
5221 5221
5221 5221
5221 5221
5221 5221
5221 5221
5221 5221
5221 5221
5221 5221
5221 5221
5221 5221
5221 5221
5221 5221
5221 5221
5221 5221
5221 5221
5221 5221
5221 5221
5221 5221
5221 5221
5221 5221
6527 6527
6527 6527

Runtime for 1 loop of DE termination: --- 4550.38042307 seconds ---

5221 5221
5221 5221
5221 5221
5221 5221
5221 5221
5221 5221
5221 5221
5221 5221
5221 5221
5221 5221
5221 5221
5221 5221
5221 5221
5221 5221
5221 5221
5221 5221
5221 5221
5221 5221
5221 5221
5221 5221
5221 5221
5221 5221
5221 5221
5221 5221
5221 5221
5221 5221
5221 5221
5221 5221
5221 5221
5221 5221
5221 5221
5221 5221
5221 5221
5221 5221
5221 5221
5221 5221
5221 5221
5221 5221
5221 5221
5221 5221
6527 6527
6527 6527

Runtime for 1 loop of DE termination: --- 5630.13092518 seconds ---

5221 5221
5221 5221
5221 5221
5221 5221
5221 5221
5221 5221
5221 5221
5221 5221
5221 5221
5221 5221
5221 5221
5221 5221
5221 5221
5221 5221
5221 5221
5221 5221
5221 5221
5221 5221
5221 5221
5221 5221
5221 5221
5221 5221
5221 5221
5221 5221
5221 5221
5221 5221
5221 5221
5221 5221
5221 5221
5221 5221
5221 5221
5221 5221
5221 5221
5221 5221
5221 5221
5221 5221
5221 5221
5221 5221
5221 5221
5221 5221
6527 6527
6527 6527

Runtime for 1 loop of DE termination: --- 4716.74501014 seconds ---

5221 5221
5221 5221
5221 5221
5221 5221
5221 5221
5221 5221
5221 5221
5221 5221
5221 5221
5221 5221
5221 5221
5221 5221
5221 5221
5221 5221
5221 5221
5221 5221
5221 5221
5221 5221
5221 5221
5221 5221
5221 5221
5221 5221
5221 5221
5221 5221
5221 5221
5221 5221
5221 5221
5221 5221
5221 5221
5221 5221
5221 5221
5221 5221
5221 5221
5221 5221
5221 5221
5221 5221
5221 5221
5221 5221
5221 5221
5221 5221
6527 6527
6527 6527

Runtime for 1 loop of DE termination: --- 5300.52220702 seconds ---

5221 5221
5221 5221
5221 5221
5221 5221
5221 5221
5221 5221
5221 5221
5221 5221
5221 5221
5221 5221
5221 5221
5221 5221
5221 5221
5221 5221
5221 5221
5221 5221
5221 5221
5221 5221
5221 5221
5221 5221
5221 5221
5221 5221
5221 5221
5221 5221
5221 5221
5221 5221
5221 5221
5221 5221
5221 5221
5221 5221
5221 5221
5221 5221
5221 5221
5221 5221
5221 5221
5221 5221
5221 5221
5221 5221
5221 5221
5221 5221
6527 6527
6527 6527

Runtime for 1 loop of DE termination: --- 5650.46736813 seconds ---

[0.77755905511811019, 0.70409982174688046, 0.82329317269076308, 0.81673306772908361, 0.67826086956521747]
[0.66326530612244905, 0.56671449067431845, 0.5364511691884456, 0.60089020771513346, 0.63636363636363624]

Total Runtime: --- 25849.1620581 seconds ---


------------------------------------------------------------
Sender: LSF System <lsfadmin@n3l4-3>
Subject: Job 660033: </share2/aagrawa8/miniconda2/bin/python2.7 DE_topics.py _topics SE6> Done

Job </share2/aagrawa8/miniconda2/bin/python2.7 DE_topics.py _topics SE6> was submitted from host <login04.hpc.ncsu.edu> by user <aagrawa8> in cluster <henry2>.
Job was executed on host(s) <8*n3l4-3>, in queue <shared_memory>, as user <aagrawa8> in cluster <henry2>.
</home/aagrawa8> was used as the home directory.
</home/aagrawa8/topics_de> was used as the working directory.
Started at Mon Nov 28 13:19:14 2016
Results reported at Mon Nov 28 20:30:04 2016

Your job looked like:

------------------------------------------------------------
# LSBATCH: User input
/share2/aagrawa8/miniconda2/bin/python2.7 DE_topics.py _topics SE6
------------------------------------------------------------

Successfully completed.

Resource usage summary:

    CPU time   :  25872.02 sec.
    Max Memory :       609 MB
    Max Swap   :      1610 MB

    Max Processes  :         3
    Max Threads    :        19

The output (if any) is above this job summary.



PS:

Read file <./err/SE6.err.660033> for stderr output of this job.

